Wavalength (Ang)	Flux (x10^-17 erg/cm^2/s/Ang)
2827.0795181	9.2899797
2827.7299223	8.3180959
2828.3819502	5.4321044
2829.0325349	0.7769216
2829.6849236	8.1273885
2830.3358691	5.3922597
2830.9886187	8.2770974
2831.6399250	8.9495750
2832.2912313	7.9642335
2832.9443417	6.1787111
2833.5961892	5.2263748
2834.2494801	6.2512179
2834.9015081	4.9680535
2835.5553402	1.6688580
2836.2075485	8.8174202
2836.8601177	-1.3331248
2837.5143107	0.7148043
2838.1670603	5.6381209
2838.8214337	5.4953425
2839.4745441	8.0721123
2840.1292783	3.3307066
2840.7827496	-1.4789803
2841.4362209	1.1485796
2842.0914964	-5.9892400
2842.7453285	6.9312473
2843.4007844	9.1742208
2844.0549773	3.4297891
2844.7107940	2.8255705
2845.3651674	3.7976993
2846.0197212	2.3826397
2846.6760792	1.2676527
2847.3309938	2.0346764
2847.9875322	-0.6269435
2848.6426272	-5.8903255
2849.2995264	1.2493521
2849.9549823	2.6591600
2850.6106186	-3.2366623
2851.2680590	-10.8873809
2851.9238758	-7.4998731
2852.5816771	-3.6858935
2853.2378546	-2.1742146
2853.8958363	-1.4510024
2854.5523747	0.0204406
2855.2089131	0.0590912
2855.8674360	-7.4066246
2856.5243353	-2.4469449
2857.1830386	3.1565700
2857.8404791	0.1745401
2858.4993629	-2.6749006
2859.1569838	-3.2551807
2859.8147851	-5.0279750
2860.4742101	-1.5219608
2861.1321919	0.0579999
2861.7919778	-6.6063409
2862.4503203	-4.0714118
2863.1104670	-2.7331082
2863.7691704	-2.9085626
2864.4278738	-1.1003728
2865.0883814	1.8643540
2865.7476260	-3.9590077
2866.4083140	-5.1758119
2867.0677390	0.2999573
2867.7289683	0.4714277
2868.3887541	-4.5709557
2869.0485400	-5.0058476
2869.7101301	-6.3634450
2870.3702768	4.1091564
2871.0322277	3.2015178
2871.6927353	3.3826806
2872.3548666	-4.4481660
2873.0157350	-2.9578847
2873.6766034	-0.1386106
2874.3392759	-2.1305845
2875.0005052	-4.4941297
2875.6635386	-3.9343464
2876.3249482	3.1583589
2876.9883424	0.2758198
2877.6501129	-6.8273484
2878.3136876	-9.5226699
2878.9758189	-6.0949048
2879.6381306	-5.2286745
2880.3022465	-3.5402089
2880.9647387	-2.1975819
2881.6292154	-3.9761935
2882.2920684	-4.0002057
2882.9567256	-2.6904542
2883.6199394	-8.9840956
2884.2833336	2.2946173
2884.9483516	-2.1394245
2885.6121067	0.7359522
2886.2774855	8.0569562
2886.9416014	1.4462817
2887.6071606	-8.0015436
2888.2714570	-1.6383599
2888.9359337	4.4581199
2889.6022146	-4.5871253
2890.2668718	0.2561872
2890.9333331	-2.0475672
2891.5985315	-9.5381883
2892.2651732	-2.1384646
2892.9305521	-5.6590925
2893.5961113	1.0852558
2894.2632943	-3.9984336
2894.9292144	-7.8548436
2895.5967582	-0.9783521
2896.2628587	-1.5361364
2896.9307634	-4.5951476
2897.5972247	4.0313257
2898.2638664	-5.0638245
2898.9321319	6.0852479
2899.5989541	1.1328903
2900.2675804	-6.6841407
2900.9349438	-1.0045159
2901.6037506	-1.1934383
2902.2712944	-3.7442981
2902.9390187	-0.8323862
2903.6083667	-1.3890772
2904.2762713	0.3263758
2904.9461606	-6.1230585
2905.6144261	0.6574697
2906.2843154	2.6064194
2906.9529417	-0.9792778
2907.6217484	-4.3732392
2908.2921790	-1.7570352
2908.9611661	-4.6331836
2909.6321379	-8.0843867
2910.3014859	-5.2131451
2910.9724576	-3.9404964
2911.6421665	4.6683538
2912.3120557	-3.7323689
2912.9835688	1.2957974
2913.6536384	-0.3343576
2914.3255123	-1.1223799
2914.9959428	-2.0887613
2915.6681775	-0.7685747
2916.3389688	0.0171567
2917.0099406	-3.0015980
2917.6825361	-4.2290677
2918.3536882	2.1724333
2919.0266446	10.8221098
2919.6981576	4.0182106
2920.3714748	0.5664215
2921.0433486	-5.8066040
2921.7152225	-0.2930392
2922.3890809	0.0634605
2923.0613156	-0.2212213
2923.7353544	1.5896682
2924.4079500	-2.6432016
2925.0823497	-6.0564146
2925.7553060	-1.7409042
2926.4298861	3.6092304
2927.1032033	8.9173788
2927.7765205	4.5721251
2928.4516418	1.9901618
2929.1253198	-2.3907439
2929.8008020	-1.9900182
2930.4748409	-0.1336222
2931.1505035	-3.5341380
2931.8249032	-4.5656986
2932.4993029	0.1703214
2933.1755067	-3.6331743
2933.8502672	0.4746855
2934.5268319	6.5677466
2935.2019533	3.3191059
2935.8788788	-3.7537847
2936.5541806	-0.7564683
2937.2296628	3.6238723
2937.9071296	2.3730928
2938.5829726	-0.4945742
2939.2606198	-3.0766929
2939.9368237	-6.6058255
2940.6146513	-5.1683907
2941.2912160	0.9561758
2941.9677807	-1.1223721
2942.6461495	-0.8570561
2943.3232555	-1.6566301
2944.0018047	0.9536048
2944.6790911	1.6885508
2945.3581816	1.4692939
2946.0358288	1.9320391
2946.7134760	1.2366568
2947.3929274	5.5964525
2948.0711159	1.3472184
2948.7509281	1.9268760
2949.4292969	-4.6813351
2950.1092896	2.8451273
2950.7880193	-2.4989499
2951.4669294	-3.9993528
2952.1474632	0.7720011
2952.8265538	0.1951982
2953.5074485	-1.3029665
2954.1868999	2.4806809
2954.8681554	0.8932093
2955.5479676	-0.2877707
2956.2277798	7.2354863
2956.9095766	-4.9297049
2957.5897496	-8.0328108
2958.2717269	-2.1807488
2958.9524411	0.0124694
2959.6345988	-0.0678807
2960.3154935	-2.0431857
2960.9965686	-5.2141326
2961.6794479	-1.5167021
2962.3607034	1.0212803
2963.0437632	1.1255672
2963.7253795	2.0835387
2964.4088001	7.4286474
2965.0907773	5.4543268
2965.7729349	1.8446326
2966.4568967	-2.3994016
2967.1392348	-2.5690457
2967.8235574	3.8286172
2968.5062563	6.0769271
2969.1907593	-0.8172404
2969.8738191	0.5911508
2970.5570592	3.1326393
2971.2421035	-3.6333945
2971.9255240	-0.5825015
2972.6109292	0.8797803
2973.2947106	0.7865175
2973.9802961	2.2258450
2974.6646188	-0.4625605
2975.3489414	-1.6884559
2976.0348878	3.1116258
2976.7195713	1.3253008
2977.4060589	-3.1327714
2978.0909228	0.0194692
2978.7777713	3.8571855
2979.4629960	2.7362093
2980.1500249	2.0657282
2980.8356104	0.0856252
2981.5213764	-2.3018610
2982.2089466	2.7312505
2982.8948930	6.1843627
2983.5828239	-2.3491966
2984.2691312	-7.6509802
2984.9572426	-1.3499385
2985.6440910	1.5904322
2986.3309395	4.7845926
2987.0194117	-4.0468392
2987.7066211	-2.1550698
2988.3956345	-1.5405438
2989.0830243	-2.3939481
2989.7723986	2.0052132
2990.4601491	1.9535231
2991.1480801	-5.0374372
2991.8378153	-3.6917320
2992.5261071	-0.4886840
2993.2162031	0.2536003
2993.9048557	1.1717826
2994.5951321	-7.2614569
2995.2841456	0.5994102
2995.9731591	3.3098723
2996.6639768	3.2270555
2997.3533511	0.2352196
2998.0445296	-2.5703983
2998.7342647	-0.4780562
2999.4258041	-0.0091098
3000.1157196	1.3914570
3000.8059960	2.4390362
3001.4978962	-1.4323762
3002.1883530	1.5076951
3002.8807944	-0.5162205
3003.5716121	-3.9929032
3004.2640535	-4.1253595
3004.9552320	-2.3257774
3005.6465909	0.8057378
3006.3395736	0.8560968
3007.0312933	-1.8973552
3007.7246368	2.0208286
3008.4165370	1.9264596
3009.1102413	-3.5881119
3009.8025023	1.9587665
3010.4949437	2.8529536
3011.1891893	-0.0123552
3011.8819915	1.5666371
3012.5764175	-2.6978155
3013.2694002	-2.8195217
3013.9643674	2.2673105
3014.6577109	0.2269343
3015.3512349	0.8969740
3016.0465630	-0.4769553
3016.7404477	2.2634630
3017.4359562	1.9783215
3018.1302018	-2.4710501
3018.8262515	-2.7533615
3019.5206775	4.8957709
3020.2152840	1.6240317
3020.9116946	-2.1493803
3021.6066618	-2.8268284
3022.3034332	-4.0995530
3022.9987613	2.1260230
3023.6958936	3.8865025
3024.3914021	4.2772073
3025.0872714	0.0855067
3025.7847645	3.9687587
3026.4808143	2.3640578
3027.1788486	1.2421309
3027.8752592	1.5301703
3028.5734740	-0.6197738
3029.2702454	-3.1770642
3029.9670168	-3.0201655
3030.6655924	-1.9354601
3031.3627247	-1.9306413
3032.0620220	-2.6000402
3032.7595151	2.5206946
3033.4588123	-3.6934696
3034.1566663	-1.1655168
3034.8563244	-1.3826446
3035.5545391	-2.4456743
3036.2527539	-0.7736197
3036.9527728	0.6702776
3037.6517093	0.0336557
3038.3520890	-0.9509909
3039.0510255	-0.9222199
3039.7517661	0.4321860
3040.4510633	0.4486374
3041.1507214	0.8588464
3041.8518229	2.0627568
3042.5514810	2.8870588
3043.2533041	2.0549504
3043.9533230	-0.3566797
3044.6551461	-2.0103548
3045.3555259	0.0627060
3046.0562665	2.9597439
3046.7588113	1.5183186
3047.4595519	0.8426731
3048.1624575	4.6428752
3048.8635589	0.4996781
3049.5664646	-0.2874352
3050.2682877	-0.6125887
3050.9697499	-1.9902316
3051.6733772	-2.8861482
3052.3755612	-1.5061321
3053.0791885	1.8426269
3053.7817332	2.7297012
3054.4857213	1.1515164
3055.1886270	1.0517803
3055.8915326	-3.5577603
3056.5958815	-5.5590814
3057.2991480	-4.4997945
3058.0042186	2.4335029
3058.7078459	-1.0863166
3059.4129165	1.3498740
3060.1169046	3.2734826
3060.8208927	0.8048254
3061.5266850	-0.2353489
3062.2310340	3.7481007
3062.9371871	5.3827180
3063.6418969	-1.9167566
3064.3480500	-3.6199906
3065.0531206	4.1184578
3065.7581912	0.7958605
3066.4650660	3.7772759
3067.1704975	-1.4600704
3067.8780939	-0.5819090
3068.5835254	0.0118071
3069.2911219	1.2763538
3069.9972750	2.8184673
3070.7037889	0.1800424
3071.4117462	-3.2453720
3072.1182602	-3.4090603
3072.8265783	-2.6652928
3073.5334531	1.6964160
3074.2424929	2.9749157
3074.9497285	0.8691854
3075.6569642	-2.3439759
3076.3663648	-2.6658257
3077.0739613	-1.1868065
3077.7833619	0.9989971
3078.4916800	0.7868137
3079.2014415	-2.1842423
3079.9097596	-3.4749566
3080.6184386	-2.1648746
3081.3285609	-0.2409294
3082.0376007	-1.3937228
3082.7484447	-1.4723003
3083.4574845	-0.5858385
3084.1686893	-0.2668696
3084.8780899	-1.1418120
3085.5878514	0.1467667
3086.2990562	1.0076121
3087.0091785	1.5515202
3087.7211050	-1.0376183
3088.4312273	-5.1282434
3089.1435146	1.8892464
3089.8543585	1.5111777
3090.5666458	3.4620883
3091.2778507	-2.0956090
3091.9890555	-5.6448859
3092.7020644	-1.6969685
3093.4132692	-0.6075853
3094.1266391	0.7991887
3094.8385655	0.1753788
3095.5522962	1.3054102
3096.2642227	2.1670569
3096.9765100	-3.5377172
3097.6906014	-2.2645448
3098.4032496	-1.7472895
3099.1177019	3.2649853
3099.8307109	0.2019765
3100.5455240	-0.4110797
3101.2588938	-3.7180631
3101.9722637	-0.9065470
3102.6877985	3.9991475
3103.4015291	1.4866428
3104.1170640	-1.5861674
3104.8311554	0.0444470
3105.5470511	0.9837902
3106.2615034	1.6309915
3106.9759557	1.3544293
3107.6925730	0.7986196
3108.4073862	0.1666313
3109.1243644	3.6297380
3109.8395383	2.1020034
3110.5565165	1.3928577
3111.2724122	1.7967484
3111.9879470	1.8309375
3112.7056468	1.8087087
3113.4215425	2.3605430
3114.1396031	2.4905258
3114.8558596	0.0027442
3115.5742811	-2.3843159
3116.2908984	0.2436909
3117.0078766	5.1991424
3117.7266589	1.5079824
3118.4439979	-1.1407383
3119.1631411	-3.8278887
3119.8804801	4.0320392
3120.5999841	4.9518655
3121.3180447	1.1407697
3122.0361054	2.1607432
3122.7559702	1.5788806
3123.4743917	-0.3422602
3124.1946174	2.0244518
3124.9133997	4.1466309
3125.6339862	1.9633447
3126.3527686	-2.0388513
3127.0722726	1.0441548
3127.7932199	0.1394325
3128.5127239	1.9337547
3129.2343929	-1.2665149
3129.9542577	-3.5592642
3130.6759267	-0.0640484
3131.3961524	2.1402439
3132.1163781	0.9992701
3132.8387688	1.9285005
3133.5593553	4.3441888
3134.2821068	-1.8925603
3135.0030541	0.6073357
3135.7258056	1.0346577
3136.4474746	2.0459359
3137.1687828	-0.1070236
3137.8922560	-2.3959272
3138.6142858	-1.8955567
3139.3377590	-1.2576028
3140.0601497	-1.1524918
3140.7843445	0.1559216
3141.5067352	1.6586651
3142.2294867	2.4619365
3142.9540424	0.9674657
3143.6771547	1.6098488
3144.4020712	0.8841995
3145.1251836	-1.3300013
3145.8504609	0.8901050
3146.5742950	-2.5106780
3147.2999331	0.2567339
3148.0237672	5.3790075
3148.7479620	3.0920494
3149.4743219	-0.6037730
3150.1988775	-1.0038134
3150.9252374	-1.9080594
3151.6501539	1.6975444
3152.3768746	0.5545764
3153.1021520	-2.6629169
3153.8274293	0.4914318
3154.5545108	4.6585782
3155.2805099	1.0526086
3156.0079522	-4.1732036
3156.7339512	-2.3481399
3157.4617544	-0.4120286
3158.1884751	-1.7064563
3158.9148350	-1.1193534
3159.6433598	2.4644758
3160.3700805	3.9450665
3161.0989662	0.5606356
3161.8260477	-0.6509760
3162.5552943	-0.7667015
3163.2827366	1.2410164
3164.0105398	0.6987243
3164.7401472	1.2073183
3165.4683112	3.9049338
3166.1979186	3.5161433
3166.9264435	-1.7606204
3167.6567725	-1.2033536
3168.3852974	1.7067711
3169.1141830	-1.4955618
3169.8452338	1.4901075
3170.5744803	0.8007017
3171.3055310	-0.4301184
3172.0351384	0.4497863
3172.7665499	-4.6546802
3173.4965181	-1.3755109
3174.2264863	-0.3741565
3174.9582587	-2.7759205
3175.6889485	-0.0302691
3176.4210817	1.2212882
3177.1517716	1.0381262
3177.8846265	3.3766683
3178.6156772	2.8953090
3179.3467279	-0.7838440
3180.0799436	-2.6480850
3180.8117160	-2.5339647
3181.5449317	-2.8637070
3182.2770649	0.2503618
3183.0106414	-2.9435767
3183.7431355	-1.3037886
3184.4752687	1.8722723
3185.2099277	-1.2804527
3185.9424218	-3.9075119
3186.6770808	0.2289032
3187.4102965	2.0331715
3188.1453164	-1.1378389
3188.8785321	0.7988037
3189.6124695	2.0281093
3190.3478502	2.4737211
3191.0817876	0.5034543
3191.8175292	-0.8378063
3192.5518274	-1.6750884
3193.2879298	1.5656556
3194.0225888	-1.9925966
3194.7576087	-0.9649164
3195.4940719	0.3425065
3196.2294526	0.3680877
3196.9662767	1.7172830
3197.7016574	0.5625282
3198.4392031	-2.3901874
3199.1749447	-1.3911037
3199.9110471	0.4834177
3200.6489536	-0.8220524
3201.3850560	0.4870083
3202.1233234	1.3630463
3202.8601475	3.2155246
3203.5987757	4.6241224
3204.3355998	4.1886535
3205.0745888	1.9635562
3205.8117737	-0.3897974
3206.5493194	-0.2501979
3207.2886693	1.9038883
3208.0265759	1.6074046
3208.7662866	1.0335512
3209.5045540	5.1516657
3210.2446256	1.4092234
3210.9832538	-0.0552649
3211.7218820	-1.2719897
3212.4623144	-0.5959635
3213.2013035	-1.0020590
3213.9424576	1.9249198
3214.6818075	-0.8081483
3215.4229615	-1.6050790
3216.1626723	-1.5899651
3216.9027438	-0.6150970
3217.6446196	0.8151109
3218.3846911	-1.8325300
3219.1269277	-3.1104159
3219.8673601	-4.0639591
3220.6099575	0.5597125
3221.3507508	-0.6919678
3222.0919048	-1.7736203
3222.8348631	-5.6652212
3223.5763780	-3.2159413
3224.3196971	-0.3618263
3225.0612120	3.7376088
3225.8048919	0.5604915
3226.5471285	0.6777668
3227.2893650	3.0002774
3228.0337666	-1.6670624
3228.7763640	-1.3758202
3229.5207656	4.0624260
3230.2637238	-1.2227415
3231.0084863	0.0517308
3231.7518053	-0.7733471
3232.4954852	0.4810282
3233.2406085	-1.7187543
3233.9846492	-1.3245464
3234.7301333	-0.7556439
3235.4745349	0.5112091
3236.2203798	-0.3942736
3236.9651422	0.1804492
3237.7095438	2.5966457
3238.4564712	1.5134677
3239.2012336	-2.6403491
3239.9481611	-4.2051356
3240.6936452	-1.9663303
3241.4409334	-1.8774854
3242.1864175	-0.4930889
3242.9322624	-3.6200791
3243.6802723	-3.4619679
3244.4264781	-2.3715260
3245.1744880	0.9954572
3245.9210546	1.2154436
3246.6697862	-1.0259388
3247.4167136	-1.9293783
3248.1636410	1.3883374
3248.9127335	4.3047261
3249.6600217	0.9074166
3250.4094750	-2.0261327
3251.1571241	-0.0344032
3251.9069382	-3.6106907
3252.6549481	-0.9220897
3253.4033189	1.6806132
3254.1534938	-0.4408742
3254.9022254	-1.1579504
3255.6527612	0.7755193
3256.4014928	4.7653360
3257.1523894	0.6078834
3257.9018426	-1.7691697
3258.6512959	-1.4375223
3259.4029142	-2.4812032
3260.1527283	-0.4316113
3260.9043465	2.3362927
3261.6545215	-1.5365082
3262.4065006	-4.2275640
3263.1570363	-1.4712646
3263.9097371	-0.1550602
3264.6606337	-0.7535516
3265.4115303	0.9149154
3266.1645919	1.4203187
3266.9158494	-0.5014568
3267.6692718	-2.0270222
3268.4208901	-3.6675431
3269.1746733	-0.6893878
3269.9266524	-0.2427856
3270.6789924	-3.0490276
3271.4331365	-0.8634366
3272.1858373	0.6755621
3272.9403422	-2.4724536
3273.6934038	-3.5183357
3274.4482696	-4.6671830
3275.2013312	2.5570792
3275.9547537	-1.2924756
3276.7103411	2.8490206
3277.4641244	0.3968082
3278.2200727	3.0562048
3278.9742168	0.3468505
3279.7301651	-0.0468320
3280.4846700	1.3027792
3281.2395358	1.5926820
3281.9958449	1.1630559
3282.7510715	-1.4906801
3283.5081023	-2.0994711
3284.2633289	0.7460161
3285.0207206	0.1233924
3285.7763080	0.3468341
3286.5322563	-2.4147903
3287.2903696	3.0685194
3288.0463179	0.0566154
3288.8047920	-4.0046674
3289.5611011	0.2658525
3290.3199361	-0.0542314
3291.0766060	-2.9110105
3291.8339977	-1.1155629
3292.5928326	2.2727876
3293.3502242	0.9978844
3294.1097809	-1.0822796
3294.8675333	-0.9566549
3295.6274508	-3.5191409
3296.3855641	0.9625510
3297.1440382	-0.0811388
3297.9043165	0.9662370
3298.6627906	1.4020345
3299.4234298	-0.3495319
3300.1826256	-4.2386950
3300.9436255	1.2849672
3301.7028213	3.5271059
3302.4623780	1.3323229
3303.2240996	-0.9728123
3303.9840171	1.1850060
3304.7457387	1.1115065
3305.5060170	0.8904106
3306.2684603	1.2213129
3307.0290994	-5.3189480
3307.7897386	-0.2485506
3308.5525427	-1.7089135
3309.3135427	-1.8334052
3310.0767076	1.9320836
3310.8384293	0.0939088
3311.6015943	0.4664715
3312.3636767	-2.6141419
3313.1253984	-3.1049301
3313.8896458	-0.9439714
3314.6520891	-0.4132583
3315.4163366	-0.6922153
3316.1791408	-0.2602519
3316.9437491	-1.3287737
3317.7069141	-0.9395083
3318.4700790	1.1272345
3319.2350482	0.0205235
3319.9989348	2.1572435
3320.7642648	-2.7551782
3321.5281514	-2.2260981
3322.2942031	-0.8186672
3323.0584506	-2.3887176
3323.8248631	1.1468000
3324.5894714	-1.1570370
3325.3544405	0.4937276
3326.1212138	6.0427350
3326.8861830	0.9321160
3327.6533171	0.1531858
3328.4190080	1.5513994
3329.1865029	0.7411174
3329.9521938	-1.9989643
3330.7182454	-4.5976331
3331.4864621	0.3246596
3332.2528746	0.9522357
3333.0214520	1.0549665
3333.7882254	3.2106732
3334.5568029	0.6906251
3335.3239370	-0.3814130
3336.0910712	0.6762559
3336.8603703	-3.3385342
3337.6282261	-0.7561336
3338.3978861	3.8050093
3339.1657420	4.3647819
3339.9357628	1.4043496
3340.7039795	-0.1529594
3341.4725569	-0.3982074
3342.2432994	0.3036186
3343.0122378	1.0587005
3343.7829803	-0.1268352
3344.5522794	-0.0241353
3345.3233828	0.3268991
3346.0930428	4.3002817
3346.8627028	3.5319371
3347.6345278	2.8407315
3348.4045486	5.2298878
3349.1767344	4.4408870
3349.9474769	2.4109102
3350.7196628	4.7869230
3351.4907661	1.1580705
3352.2615086	-0.8758237
3353.0347769	1.1343005
3353.8058803	-0.8605356
3354.5795094	-1.1046127
3355.3509736	1.3071431
3356.1249636	1.9387485
3356.8967886	1.8957119
3357.6693353	-1.9155807
3358.4433253	-0.0563911
3359.2158720	-3.2801749
3359.9905837	-1.5863571
3360.7634912	1.3534329
3361.5385637	-1.5055206
3362.3118320	1.1660731
3363.0854612	-0.9858687
3363.8608945	-1.5855134
3364.6348846	-0.3283235
3365.4106787	2.6496329
3366.1850296	4.9590828
3366.9611846	-1.8559576
3367.7355354	-3.5916686
3368.5106080	0.0778351
3369.2871238	-1.5057831
3370.0621963	-2.5300473
3370.8394338	-3.5634411
3371.6148672	-4.1983695
3372.3924655	-3.9970113
3373.1682597	-1.3437016
3373.9440539	-0.9458212
3374.7223739	-2.0434419
3375.4985289	3.6346861
3376.2768490	0.3061714
3377.0537257	-0.5659023
3377.8324065	5.0182594
3378.6092832	0.9556622
3379.3886857	0.3586269
3380.1659233	0.3574124
3380.9435216	0.9607997
3381.7232850	-0.4057451
3382.5012442	-0.4211443
3383.2810075	2.2098092
3384.0593275	-1.0928413
3384.8398126	-1.7142431
3385.6184934	-2.4008743
3386.3975351	0.1837241
3387.1783810	0.0047754
3387.9574227	-0.9431546
3388.7386294	-1.5501607
3389.5183927	1.7587540
3390.2999603	2.9053864
3391.0797236	0.5540702
3391.8598478	0.8611179
3392.6421370	0.6498655
3393.4226221	3.0582970
3394.2052721	2.7226868
3394.9861180	0.5248983
3395.7687680	2.7155315
3396.5499747	3.8672223
3397.3315422	0.3542575
3398.1149140	-0.1198937
3398.8964815	2.1795136
3399.6802140	3.9865515
3400.4625032	0.7969580
3401.2465966	-0.4639384
3402.0288858	4.3380787
3402.8115359	0.6856498
3403.5963509	3.1819636
3404.3793618	4.1568569
3405.1645376	1.6501702
3405.9479094	5.8466577
3406.7330852	3.9382381
3407.5168178	2.2210424
3408.3009112	4.3345166
3409.0868087	5.5503621
3409.8709021	1.9869984
3410.6571605	0.8990582
3411.4419755	2.5575773
3412.2285947	4.1528484
3413.0134098	7.1538683
3413.7985856	4.9633102
3414.5859265	3.9221557
3415.3714632	5.9998534
3416.1591650	3.8590791
3416.9447017	3.9114034
3417.7327642	7.7328853
3418.5190226	4.2938448
3419.3056418	2.8871945
3420.0940652	7.0539763
3420.8806844	6.3532947
3421.6694687	3.9717000
3422.4568096	5.1990962
3423.2459546	3.8044012
3424.0336563	5.9977214
3424.8209972	6.8886667
3425.6108639	5.5858860
3426.3989265	7.2993551
3427.1891541	8.4542388
3427.9775775	8.0306404
3428.7681659	7.6836327
3429.5569501	5.3054346
3430.3457343	6.3438771
3431.1366835	7.7333625
3431.9261894	5.5312528
3432.7174995	4.8856534
3433.5073662	4.8662622
3434.2990371	2.2526942
3435.0889038	2.0222134
3435.8791314	3.6806957
3436.6715240	4.3283062
3437.4621124	6.2909255
3438.2548658	4.3004243
3439.0458150	1.7820592
3439.8389293	2.5660944
3440.6302393	0.7010201
3441.4237144	1.0691572
3442.2153853	3.2102382
3443.0070562	2.7598312
3443.8012529	2.1948244
3444.5932847	1.3731367
3445.3874814	4.8056912
3446.1802348	2.0661567
3446.9747924	-0.9623849
3447.7679066	1.0703096
3448.5610209	2.1131511
3449.3563001	4.6612530
3450.1497752	0.4879609
3450.9454153	-0.3532711
3451.7392512	2.6595671
3452.5352521	2.3499348
3453.3294488	1.8101211
3454.1240064	3.1992977
3454.9203682	-1.2365350
3455.7152866	1.5635916
3456.5120091	2.8412768
3457.3072884	2.6583197
3458.1047326	4.4389565
3458.9000119	3.6077105
3459.6956520	3.1663699
3460.4934571	3.3982636
3461.2898188	-0.1613144
3462.0879847	-0.3053653
3462.8843465	2.5723680
3463.6828732	0.7546538
3464.4795958	0.5844889
3465.2766792	1.8007000
3466.0755668	4.6404854
3466.8730111	1.4505344
3467.6726203	3.1288499
3468.4704254	8.4470138
3469.2700347	5.5431795
3470.0682006	3.0061266
3470.8663665	2.8571214
3471.6666975	4.5287520
3472.4655850	5.5112735
3473.2662768	5.6751678
3474.0651644	4.4170459
3474.8662170	3.2923250
3475.6658263	4.3347674
3476.4654355	3.6650669
3477.2668490	3.6119383
3478.0668190	6.5509006
3478.8689541	5.3764531
3479.6692851	3.3564999
3480.4717810	3.2531387
3481.2724728	4.7279102
3482.0731645	6.8765848
3482.8763821	5.6222980
3483.6774347	6.0280804
3484.4806523	9.2355679
3485.2824266	3.0088157
3486.0860050	4.3506214
3486.8881401	6.6164014
3487.6902753	1.0077155
3488.4945754	1.9955489
3489.2970713	4.1394762
3490.1017322	0.4648157
3490.9045890	5.3460417
3491.7096108	5.6149254
3492.5128284	2.7480703
3493.3160460	2.8269499
3494.1217894	2.6594672
3494.9257287	3.5991410
3495.7314722	6.5492985
3496.5357723	6.0401336
3497.3418765	2.9697696
3498.1465375	4.5060043
3498.9511984	5.8365433
3499.7580244	4.8794118
3500.5634070	5.5296618
3501.3705938	1.5237793
3502.1759764	3.4165788
3502.9835240	7.8605796
3503.7892675	2.9856871
3504.5975367	3.2114369
3505.4036410	7.4793527
3506.2101061	5.0149003
3507.0183754	4.1436923
3507.8252014	4.4597087
3508.6341923	3.0350073
3509.4413791	5.7766469
3510.2507309	3.9582463
3511.0582785	3.5854724
3511.8658261	5.4578543
3512.6755388	5.4118096
3513.4838081	4.9392014
3514.2938815	3.5741643
3515.1025116	2.6053747
3515.9129459	5.1166448
3516.7219369	6.6444774
3517.5309278	2.2585179
3518.3420838	-1.5140835
3519.1514356	4.5029452
3519.9629524	7.3559439
3520.7726650	2.6394002
3521.5845427	6.0858873
3522.3946161	3.8991680
3523.2050504	3.4282049
3524.0172889	5.3892018
3524.8280840	2.5853477
3525.6410441	3.3971546
3526.4522001	3.5674443
3527.2651602	4.5821667
3528.0766770	4.7344383
3528.8881938	5.0555142
3529.7018756	2.3819360
3530.5141141	3.6268774
3531.3281568	5.3735702
3532.1403952	1.2728793
3532.9551595	1.9445686
3533.7677588	4.1697912
3534.5807190	3.3006030
3535.3958441	1.2126188
3536.2091651	1.1544039
3537.0246511	3.1762658
3537.8383329	2.8804263
3538.6541797	2.9867011
3539.4682223	3.5421608
3540.2822650	2.5410360
3541.0988334	2.6817221
3541.9132369	4.7128065
3542.7301662	3.7342572
3543.5452914	5.8525049
3544.3622207	2.3000607
3545.1777067	5.4181597
3545.9931926	4.2606491
3546.8108436	1.1820395
3547.6270513	6.9072591
3548.4450631	4.3675248
3549.2612707	7.2562239
3550.0796434	8.3237960
3550.8965727	3.3021653
3551.7131412	6.3006653
3552.5322355	6.2154073
3553.3495257	3.2699630
3554.1689808	3.7645231
3554.9866318	4.0963936
3555.8064478	4.4480282
3556.6244596	2.6579252
3557.4424714	3.7449934
3558.2630091	6.5689715
3559.0813817	4.8864549
3559.9022802	2.4919700
3560.7210137	4.7850153
3561.5422731	5.4722035
3562.3617282	1.9099176
3563.1811834	2.8082701
3564.0028035	2.5124344
3564.8226195	3.8986070
3565.6446005	2.4777389
3566.4647774	0.1316564
3567.2874800	3.5610808
3568.1080177	1.2964155
3568.9307204	-0.4320499
3569.7519797	2.4791682
3570.5728782	6.8063369
3571.3963025	6.9795249
3572.2179227	5.7316138
3573.0417078	1.8475970
3573.8636888	2.8379166
3574.6878349	2.4038762
3575.5101767	4.5556283
3576.3328794	0.8875050
3577.1573862	7.5862581
3577.9804497	6.0874573
3578.8053174	1.3681582
3579.6287417	3.5081215
3580.4543311	4.2496368
3581.2777554	5.4090244
3582.1019014	4.6244174
3582.9278516	-0.5155783
3583.7519976	-0.2812906
3584.5783086	3.0959528
3585.4031763	4.0623115
3586.2298481	5.7068787
3587.0547158	5.6544276
3587.8799443	4.1231760
3588.7073378	2.8111837
3589.5329272	3.5723875
3590.3606815	1.2263003
3591.1866317	2.2478856
3592.0147469	3.5921752
3592.8410579	1.8031582
3593.6677297	2.0296396
3594.4962058	3.7438458
3595.3232384	-0.1870768
3596.1524361	4.8144660
3596.9794688	3.1214481
3597.8090273	6.1266217
3598.6367817	2.1416075
3599.4645360	3.2255831
3600.2948162	3.8108425
3601.1229314	5.5940783
3601.9532116	2.5824011
3602.7820485	5.6511672
3603.6126895	4.0162278
3604.4418872	3.1934987
3605.2710849	2.9148524
3606.1024476	1.4602400
3606.9320061	5.8844082
3607.7637296	3.7654042
3608.5936490	4.0157455
3609.4257333	3.0542741
3610.2560135	4.7608280
3611.0866546	5.2815664
3611.9194606	4.3683343
3612.7501016	4.1282712
3613.5832685	3.5069492
3614.4146312	3.0240449
3615.2481589	0.8277395
3616.0798824	2.8488250
3616.9116059	4.1110148
3617.7458553	3.9340898
3618.5779397	2.3077342
3619.4125499	5.3300444
3620.2449951	2.6700481
3621.0799661	3.3296953
3621.9127722	5.5429580
3622.7459390	3.0535894
3623.5816317	3.3094792
3624.4151594	0.6780757
3625.2508521	5.2102727
3626.0847407	2.6031181
3626.9211551	7.0229938
3627.7554044	2.3787685
3628.5900146	6.4338128
3629.4267899	4.9947693
3630.2617609	0.8937373
3631.0988969	2.5856389
3631.9342288	3.4675233
3632.7717257	5.8414414
3633.6074184	6.1312029
3634.4452761	4.3594000
3635.2813297	3.2876714
3636.1177441	2.5393037
3636.9559626	1.8781534
3637.7927378	4.7751173
3638.6316780	1.0634543
3639.4688141	3.1792752
3640.3081151	6.9969077
3641.1452512	4.6722449
3641.9831089	5.6704670
3642.8227708	4.0637473
3643.6609893	0.4627109
3644.5010121	1.5007513
3645.3395915	2.9820485
3646.1799750	2.7844574
3647.0189152	1.8807748
3647.8578555	2.7753308
3648.6989607	5.2272759
3649.5386226	5.7543777
3650.3800886	4.6162023
3651.2197505	2.6402868
3652.0619383	3.9245856
3652.9019610	7.2020843
3653.7423445	4.9477564
3654.5848931	1.0888824
3655.4256375	4.4556975
3656.2685469	7.4117986
3657.1096521	2.2999663
3657.9529224	5.4021871
3658.7943884	2.3716426
3659.6362153	2.6147361
3660.4802072	4.7020789
3661.3220341	3.8741874
3662.1663869	2.1864432
3663.0089354	0.9097358
3663.8536490	3.6917695
3664.6965584	2.7169480
3665.5394678	0.8842627
3666.3849030	3.8479980
3667.2281733	3.8065773
3668.0739693	1.4804264
3668.9176004	3.4837603
3669.7637573	4.4131741
3670.6081101	1.5345619
3671.4524628	1.9854062
3672.2989805	3.1431128
3673.1436941	3.1031109
3673.9909335	3.7593948
3674.8360079	2.8397045
3675.6836082	3.7101417
3676.5290434	4.3562939
3677.3748395	2.5134903
3678.2228006	1.3932588
3679.0689575	3.0546989
3679.9172794	2.2732748
3680.7637972	3.0310312
3681.6128407	1.8435689
3682.4597193	2.5922197
3683.3069587	3.3637109
3684.1563632	2.9613661
3685.0036026	1.8835386
3685.8533678	0.5665200
3686.7013289	2.4836515
3687.5514550	3.8534688
3688.3997769	0.9265288
3689.2484597	-1.2832198
3690.0989466	0.8087981
3690.9479902	3.8661334
3691.7991988	3.1676675
3692.6486032	3.3995238
3693.4998118	5.4077076
3694.3495770	3.1624920
3695.1993423	2.5091525
3696.0516334	1.4996620
3696.9017595	1.3863492
3697.7544114	1.5412661
3698.6048983	-3.9359007
3699.4579111	-0.7268246
3700.3091197	-0.7106902
3701.1621325	0.4649194
3702.0137019	0.3413921
3702.8652713	1.9084835
3703.7193666	1.9756831
3704.5712969	-0.8134915
3705.4253921	0.2962358
3706.2780441	3.0117969
3707.1325002	1.6113300
3707.9855129	1.7389792
3708.8385257	-0.9119966
3709.6937035	0.8107167
3710.5470771	1.3702830
3711.4026157	1.5536149
3712.2567109	-0.7073869
3713.1126104	0.4056630
3713.9667057	-0.7942616
3714.8211618	0.7812738
3715.6777829	-2.7775934
3716.5325998	0.5654882
3717.3895818	-1.0695788
3718.2447595	0.9478290
3719.1021023	-2.4749211
3719.9580018	2.1439793
3720.8135404	-0.6309623
3721.6716048	1.1981247
3722.5278651	-1.5165900
3723.3862904	-1.6231329
3724.2429115	-0.6036845
3725.1016976	-0.3271034
3725.9583187	-0.5970656
3726.8156615	1.1511000
3727.6751693	1.6745249
3728.5325121	2.3203959
3729.3923807	3.9407660
3730.2504451	3.6620729
3731.1106746	7.1085788
3731.9687390	5.2419194
3732.8275251	9.6031339
3733.6881154	5.7505552
3734.5472624	8.0887533
3735.4082135	5.2107375
3736.2677213	2.1619408
3737.1290333	7.4134626
3737.9889019	0.2929401
3738.8487705	-0.8002671
3739.7111650	1.0362950
3740.5713944	-1.2500676
3741.4337889	0.9138971
3742.2947400	-2.5083604
3743.1574953	1.6243171
3744.0188073	0.6165612
3744.8801192	2.1757235
3745.7435962	-1.5643921
3746.6052690	2.2736800
3747.4691068	1.8676512
3748.3311404	-0.3065698
3749.1956999	-0.9885246
3750.0580944	-0.0750391
3750.9208497	2.2024977
3751.7857700	2.4525421
3752.6488861	0.9827980
3753.5141672	-1.0541800
3754.3776442	0.4734686
3755.2436470	1.3758245
3756.1074848	1.0905174
3756.9713226	0.2069502
3757.8376862	0.7099149
3758.7022457	2.3201863
3759.5689702	2.4204568
3760.4338905	0.1367221
3761.3009758	1.3685268
3762.1662570	0.8313179
3763.0318989	1.9375032
3763.8997059	2.0906899
3764.7653479	2.5650886
3765.6335157	3.9740906
3766.4998793	3.3132380
3767.3684080	2.7302225
3768.2351325	0.5470125
3769.1040219	0.6229176
3769.9711073	4.9229398
3770.8385534	3.0405347
3771.7078037	0.7144047
3772.5756107	1.5029059
3773.4455827	1.3152610
3774.3137505	1.4093042
3775.1840833	-0.0798253
3776.0526120	-0.2395426
3776.9211406	0.8635975
3777.7921951	-1.3913018
3778.6610846	-1.4776683
3779.5324999	1.5906879
3780.4021111	0.8310218
3781.2738872	-1.5718173
3782.1434984	-3.3534990
3783.0138312	-0.8333823
3783.8859682	2.0171650
3784.7566619	0.3497946
3785.6291597	-0.7001459
3786.5002142	-0.9574157
3787.3734337	-0.3974065
3788.2444882	1.0116369
3789.1162643	0.5470833
3789.9898447	-0.6853469
3790.8616208	0.7524258
3791.7359228	1.2693505
3792.6080598	1.8757359
3793.4827227	2.5381970
3794.3555813	2.4821121
3795.2284400	1.4190124
3796.1034637	-2.4163662
3796.9766832	-2.0754290
3797.8524285	0.1011813
3798.7260088	-1.7723174
3799.6021150	-0.9268844
3800.4760562	0.8280706
3801.3503582	-1.8229829
3802.2271860	-0.7787364
3803.1018489	-0.7475431
3803.9786767	-0.5140649
3804.8537004	-0.0529770
3805.7312499	-0.2725996
3806.6066344	-1.0944103
3807.4823797	-1.0691009
3808.3602901	-1.7544472
3809.2363963	-2.5999162
3810.1150283	-1.4818470
3810.9914953	-1.5706007
3811.8701273	1.2437766
3812.7473160	1.3620743
3813.6241438	0.8542975
3814.5034975	1.4764726
3815.3810470	1.0414671
3816.2611224	-0.2989536
3817.1390327	1.6276207
3818.0191081	1.7960676
3818.8973792	0.6969045
3819.7760113	-2.4175265
3820.6568083	-2.0195868
3821.5358011	-0.5795181
3822.4169590	-0.2346853
3823.2963127	1.2855366
3824.1781922	-2.3439747
3825.0579067	-0.8785997
3825.9376212	1.7226034
3826.8198616	0.1390610
3827.7002978	-1.9843579
3828.5828990	-1.7323638
3829.4636960	0.2868047
3830.3466580	-0.2691703
3831.2278159	-1.9097426
3832.1093346	-0.7217208
3832.9930183	-0.5545789
3833.8748978	-1.4947389
3834.7589423	-1.5872587
3835.6411827	-2.4301965
3836.5255881	-1.0505851
3837.4081893	-0.4197541
3838.2929555	0.3567771
3839.1759175	0.2072541
3840.0592404	-2.2603132
3840.9447282	-0.8412394
3841.8284119	0.1817602
3842.7142606	-2.5121492
3843.5983052	-2.8164525
3844.4845147	-1.2156864
3845.3689201	-2.2889381
3846.2536863	-0.8879168
3847.1406175	-0.4800528
3848.0257445	-0.8728513
3848.9130366	0.1376350
3849.7985244	0.2685557
3850.6861773	2.9971571
3851.5720260	0.5955644
3852.4578747	-2.1731698
3853.3462493	-0.7981112
3854.2328197	1.8554352
3855.1215550	1.0554889
3856.0084863	-0.8512767
3856.8975825	-1.0002377
3857.7848745	-0.6007514
3858.6725274	1.1369076
3859.5623453	1.9687780
3860.4499982	0.6088165
3861.3401769	-1.9924678
3862.2285514	1.4349864
3863.1190910	4.6606997
3864.0078264	2.4526797
3864.8969226	2.1883751
3865.7881838	2.4646537
3866.6772800	2.6894358
3867.5689021	0.6815075
3868.4587200	4.9626395
3869.3507028	5.4984394
3870.2408816	5.6405528
3871.1314211	3.4820168
3872.0241257	2.8330503
3872.9146652	2.6990716
3873.8077306	3.6157463
3874.6989919	4.9690758
3875.5924181	4.9940272
3876.4840401	2.7522026
3877.3760230	0.8653334
3878.2698101	-0.7953651
3879.1621538	-1.0251270
3880.0566626	0.4597485
3880.9493671	-1.7275962
3881.8442367	-1.2326660
3886.3156979	-1.4713049
3887.2098458	-0.4083292
3888.1061587	4.3955839
3889.0006674	3.6523192
3889.8951761	4.1098004
3890.7922107	-0.2375832
3891.6870803	1.9463783
3892.5848365	1.7607574
3893.4800669	1.7146496
3894.3778232	2.8112286
3895.2737752	1.1202187
3896.1700881	1.7968799
3897.0685661	-1.1776260
3897.9648790	-0.5403029
3898.8637177	-0.1730700
3899.7607523	-1.5609786
3900.6599519	-0.6100082
3901.5573473	-0.4193654
3902.4569077	-2.6743606
3903.3546639	-0.4534782
3904.2527810	2.2922791
3905.1530631	2.6856233
3906.0515410	-1.8222301
3906.9521839	0.3260767
3907.8510227	2.8724938
3908.7520264	2.0778106
3909.6512260	0.2844734
3910.5507864	-0.3127960
3911.4525119	2.0149298
3912.3524331	1.0919136
3913.2545194	1.0309205
3914.1548015	0.6438328
3915.0572486	-0.3741686
3915.9578915	2.1692729
3916.8588952	0.8914600
3917.7620640	-2.1411131
3918.6634286	-1.3683589
3919.5669582	-0.4590891
3920.4686836	2.1392258
3921.3725740	1.2775267
3922.2746603	0.2361225
3923.1771074	-0.6226353
3924.0817195	2.6130440
3924.9845274	2.1363087
3925.8895004	-1.0846284
3926.7926691	0.4410937
3927.6983637	0.7377831
3928.6018933	-1.3259441
3929.5057837	-0.2949624
3930.4118392	-1.3509113
3931.3160904	0.5726715
3932.2225067	-0.5535983
3933.1271188	0.4057054
3934.0338959	-3.8810586
3934.9392297	-2.1212311
3935.8442026	-3.3005689
3936.7520622	-3.3376553
3937.6573960	-0.2111485
3938.5656165	-0.2488644
3939.4716719	-2.1218373
3940.3798923	-4.5742416
3941.2866694	-5.7259582
3942.1930857	-0.5808237
3943.1023887	0.2635354
3944.0095266	0.7315987
3944.9188296	1.6884065
3945.8263283	0.7124293
3946.7363530	-2.7934598
3947.6442126	-1.7768794
3948.5524330	2.4087535
3949.4628185	0.7722694
3950.3713997	0.5574004
3951.2825069	0.6739801
3952.1914490	1.5968893
3953.1029169	2.5328829
3954.0122199	2.7014370
3954.9218837	2.7523764
3955.8337125	1.8431243
3956.7437371	2.1255063
3957.6562875	-0.9833832
3958.5666730	-0.0739944
3959.4795843	2.9933705
3960.3903306	1.1257760
3961.3014377	1.6452908
3962.2150706	-1.0263983
3963.1265386	1.3003779
3964.0401716	1.2735398
3964.9523612	0.3686195
3965.8667158	-0.2217820
3966.7789054	1.9992286
3967.6914559	0.3555440
3968.6065322	3.1469270
3969.5194435	-0.2819473
3970.4348806	2.3257607
3971.3481528	1.0418126
3972.2639507	4.0020224
3973.1775837	-1.7628456
3974.0941033	1.3129722
3975.0080971	0.7435348
3975.9224518	-1.3613618
3976.8393322	-0.8624804
3977.7544085	1.0040558
3978.6716498	1.8664291
3979.5867261	0.9954649
3980.5046891	-0.1639275
3981.4201263	3.4012975
3982.3362851	1.0069791
3983.2546089	0.9541774
3984.1707677	0.3399749
3985.0894523	1.0354641
3986.0063328	2.1453909
3986.9253783	1.2857945
3987.8426196	1.5448517
3988.7602217	-0.1586907
3989.6799889	-0.2620188
3990.5975910	1.0053150
3991.5180798	-1.1668752
3992.4360428	-0.3543331
3993.3568925	4.0257367
3994.2755771	0.2887485
3995.1942617	0.5676278
3996.1158331	1.4241250
3997.0348786	-2.7365927
3997.9568107	1.7985937
3998.8765779	3.2489247
3999.7985100	0.5616964
4000.7186380	2.5180759
4001.6391268	1.4375867
4002.5617806	0.7152685
4003.4826303	0.6396119
4004.4056450	0.1277160
4005.3268554	-4.9063672
4006.2505918	0.1849967
4007.1721631	1.5361671
4008.0940952	1.4940316
4009.0181924	1.2232610
4009.9404854	0.7883433
4010.8653042	3.4251097
4011.7879581	2.6384209
4012.7131377	0.0285367
4013.6361524	-1.1418013
4014.5595279	-0.1421112
4015.4854292	0.9152067
4016.4091655	1.4666040
4017.3350669	0.7258714
4018.2595249	0.6380864
4019.1861479	0.2239205
4020.1106059	0.1467732
4021.0354247	1.5064424
4021.9627694	1.1872811
4022.8879491	-0.4209316
4023.8156546	1.0094238
4024.7411951	0.6189842
4025.6692614	0.0094030
4026.5955236	-0.3433339
4027.5217857	-0.7973828
4028.4505738	0.0542645
4029.3771968	-0.7278178
4030.3063456	0.4143126
4031.2336903	-0.4205057
4032.1632000	2.0909095
4033.0909055	-0.4578374
4034.0186110	1.4404107
4034.9488423	-0.1628020
4035.8769087	5.3979874
4036.8078617	1.8508826
4037.7362889	0.1292333
4038.6676027	0.8802624
4039.5967516	2.0725304
4040.5259004	0.8144493
4041.4575751	-0.7287156
4042.3874456	-0.7809153
4043.3194811	1.6029231
4044.2497125	0.8276636
4045.1821088	0.5953231
4046.1127010	0.6039437
4047.0458191	1.1396379
4047.9767721	0.1413141
4048.9080859	-0.0984020
4049.8419256	1.7355307
4050.7736003	0.4933579
4051.7074400	-1.8517106
4052.6398364	-1.4676003
4053.5740369	2.6819619
4054.5067941	-0.5420568
4055.4395513	-2.7325839
4056.3744735	0.3176370
4057.3079523	-1.2505829
4058.2432354	2.5993477
4059.1770751	0.8192385
4060.1130798	0.0167378
4061.0469195	-0.3274217
4061.9811200	0.7907702
4062.9178464	0.4139662
4063.8527686	1.1536215
4064.7898558	1.4625528
4065.7247780	1.3720021
4066.6622260	2.1009996
4067.5978699	1.4651142
4068.5335137	1.0055839
4069.4720443	-4.1513971
4070.4080490	0.4369452
4071.3465795	1.6140517
4072.2833059	-0.0646574
4073.2221973	0.3610859
4074.1592845	0.1996399
4075.0967325	-0.0424853
4076.0363456	1.5814455
4076.9741544	0.9419698
4077.9141283	-1.6826558
4078.8522980	0.9870044
4079.7929936	-0.7237696
4080.7315241	1.2073340
4081.6700547	1.4885611
4082.6114719	0.7380058
4083.5507241	0.2822149
4084.4921413	-1.3128645
4085.4317544	1.5982927
4086.3738932	1.7879113
4087.3142280	2.4847819
4088.2542018	1.8924475
4089.1970624	-0.5860832
4090.1377580	-0.5690246
4091.0809793	2.7479040
4092.0220357	0.2680375
4092.9656180	1.8443158
4093.9073960	2.0902461
4094.8491741	-1.7311249
4095.7934780	2.0483542
4096.7356168	-0.5296210
4097.6802816	1.9691620
4098.6231421	1.3422446
4099.5681677	-3.6718148
4100.5110283	2.0913060
4101.4546105	-0.1695614
4102.4003577	-1.0617365
4103.3439399	0.3815378
4104.2904088	1.7655695
4105.2343519	0.8146469
4106.1811816	-0.2649359
4107.1258464	3.0593752
4108.0705111	4.7200046
4109.0180625	2.7095580
4109.9630881	0.1253426
4110.9110003	1.3774335
4111.8567475	-0.0011189
4112.8046598	2.4546852
4113.7511287	-0.2758846
4114.6972368	1.7557142
4115.6462315	-0.8681263
4116.5930612	-0.0119251
4117.5420560	0.1224268
4118.4896074	0.0776858
4119.4393238	-0.2936902
4120.3868752	-2.8413169
4121.3369525	-15.3205620
4122.2852255	16.4651507
4123.2334986	14.3443710
4124.1842975	-10.8502519
4125.1329314	-3.3977818
4126.0840912	1.7830523
4127.0334468	3.3620246
4127.9849673	-1.9682467
4128.9346838	0.5353419
4129.8847610	1.3503557
4130.8370033	0.6116076
4131.7874413	0.3956693
4132.7400444	0.8484575
4133.6908433	1.2132156
4134.6441681	1.6746001
4135.5953279	-0.8591116
4136.5464876	-2.6791238
4137.5005340	-1.0970424
4138.4524155	-1.6732972
4139.4064619	-2.0893081
4140.3587041	-0.3885151
4141.3134722	-0.2536955
4142.2664362	0.2536356
4143.2194001	0.6598232
4144.1745290	-0.3161424
4145.1278538	-1.2041997
4146.0837044	-3.0829522
4147.0377508	-0.0168346
4147.9939622	-0.0551688
4148.9483695	0.9229570
4149.9027768	-1.9429271
4150.8597099	0.9083535
4151.8144780	0.3094427
4152.7717719	-0.2934899
4153.7272617	0.6658358
4154.6852773	-0.9386768
4155.6407670	1.2451974
4156.5969785	0.9656495
4157.5553549	0.5676413
4158.5119272	-1.2122086
4159.4706644	0.4006728
4160.4275975	0.7319258
4161.3870565	-1.4036751
4162.3443504	-0.7572714
4163.3020052	1.8543426
4164.2618250	1.8418485
4165.2198406	0.0906290
4166.1803820	0.5557772
4167.1387585	-0.3796431
4168.0996608	-1.5240403
4169.0587589	-0.6577865
4170.0178570	-2.3043370
4170.9794809	-1.2808198
4171.9389399	0.9914038
4172.9009247	2.0114004
4173.8607444	0.5716943
4174.8234509	1.1791435
4175.7836315	-1.3733335
4176.7445338	1.5047679
4177.7076011	0.6089359
4178.6685034	-1.8483946
4179.6322923	-0.1477456
4180.5939163	-1.8754734
4181.5577052	-2.5093204
4182.5196900	0.1142867
4183.4820356	-1.0229061
4184.4465463	-2.3142827
4185.4092527	-0.8283155
4186.3744850	-0.8155461
4187.3375523	0.7115932
4188.3031454	-1.1170675
4189.2665736	-1.6873474
4190.2303625	0.0551709
4191.1966773	2.1972472
4192.1608271	-4.8617647
4193.1275027	-0.5182944
4194.0920134	-2.2941305
4195.0590498	1.4003567
4196.0242821	-0.7246332
4196.9920403	0.3067782
4197.9572726	1.4522862
4198.9232265	-1.6276748
4199.8913455	0.1441284
4200.8576603	-1.6813396
4201.8261401	0.1507660
4202.7928158	2.5488784
4203.7620172	0.3111454
4204.7290537	1.6337088
4205.6964510	-1.9078220
4206.6663742	1.0354811
4207.6341323	-0.1735269
4208.6044163	1.1808967
4209.5725352	-0.4384415
4210.5431801	4.4884687
4211.5116599	-0.2645105
4212.4805005	0.5094586
4213.4518670	-0.1373732
4214.4214293	0.7027621
4215.3931566	-1.3574228
4216.3630798	-2.6278548
4217.3351679	-1.0284648
4218.3054519	0.7196894
4219.2757359	3.8876293
4220.2489065	-0.2814913
4221.2195513	-0.5389607
4222.1930828	-1.7950872
4223.1644493	0.9050628
4224.1383416	-4.3425687
4225.1100690	-1.9469459
4226.0817963	0.6954602
4227.0564103	0.3863194
4228.0288593	-2.8917299
4229.0038341	-1.4972113
4229.9766439	-1.3266792
4230.9519796	-2.6612849
4231.9255111	1.6599196
4232.8990425	-1.1917703
4233.8750999	0.5251770
4234.8489922	-1.8059605
4235.8257712	-1.3550506
4236.8000244	-1.0315435
4237.7771642	-1.8268312
4238.7521390	-2.0802395
4239.7271139	1.7039207
4240.7046145	0.9039347
4241.6803110	-0.7014723
4242.6585334	-0.6490379
4243.6345907	0.0751753
4244.6131739	-1.2065947
4245.5895920	-1.4488996
4246.5663710	-0.0249814
4247.5453150	0.2919888
4248.5224549	-0.6006434
4249.5024814	-0.9521470
4250.4799821	-0.7186415
4251.4600086	-0.0444395
4252.4382309	0.8803878
4253.4164532	-0.5019703
4254.3972014	-0.7381656
4255.3757846	1.3074523
4256.3572544	-3.3294649
4257.3361985	-3.9461451
4258.3180291	2.6701057
4259.2976948	0.4752244
4260.2777213	0.6178270
4261.2599128	1.1941670
4262.2403002	-2.5197656
4263.2232134	-3.1537333
4264.2039616	-0.6163584
4265.1872356	-2.0835360
4266.1683446	-1.9142299
4267.1498144	-0.9054877
4268.1338101	-2.1399065
4269.1156408	-0.7448473
4270.0999973	0.5234202
4271.0825497	-0.3488408
4272.0672671	-2.7947355
4273.0501802	4.6281440
4274.0356193	2.8861922
4275.0188933	-4.7387907
4276.0021673	-0.0992227
4276.9883280	-0.7891402
4277.9723237	1.2445537
4278.9588452	2.0332019
4279.9432018	1.9759484
4280.9300841	3.6349694
4281.9148015	2.9621805
4282.8998797	2.1325108
4283.8874837	-0.0410287
4284.8729227	-0.2133385
4285.8612485	-1.3277039
4286.8470483	3.2604582
4287.8357349	-2.1484336
4288.8218956	0.4114302
4289.8087779	0.3557070
4290.7978253	-1.4943084
4291.7850685	-1.8603189
4292.7744767	0.2681688
4293.7620807	0.5327374
4294.7522106	3.5173814
4295.7401755	5.7955774
4296.7285012	-2.4425287
4297.7193527	1.2055730
4298.7080393	-0.8891819
4299.6992517	-1.5163362
4300.6882990	1.7055074
4301.6802331	-2.9814723
4302.6696413	-4.3827203
4303.6594103	-0.3861960
4304.6520661	-0.2246596
4305.6421959	2.0645359
4306.6352125	-1.4208376
4307.6257032	-4.3223913
4308.6190806	-3.1767354
4309.6102930	2.2550078
4310.6018662	-0.3238070
4311.5959652	3.4832669
4312.5875385	1.8063919
4313.5823592	-0.7698897
4314.5746541	-1.4129176
4315.5694748	6.1560403
4316.5621305	3.3500274
4317.5551471	4.1986816
4318.5510503	8.9496226
4319.5444277	1.3491243
4320.5403309	2.5021044
4321.5344300	1.0993208
4322.5310549	5.4756057
4323.5251539	4.1988213
4324.5199746	3.6723611
4325.5169604	1.7260949
4326.5121419	1.6569943
4327.5098493	-1.1784190
4328.5053917	0.4663024
4329.5034600	1.2541791
4330.4997240	-1.4707357
4331.4956273	2.8271931
4332.4947780	-0.3188878
4333.4914029	-1.2813550
4334.4905536	0.9853842
4335.4879002	4.5858637
4336.4874118	3.6436862
4337.4851192	-2.1065629
4338.4828266	2.0249902
4339.4834207	3.1364591
4340.4818497	3.6846623
4341.4824438	1.8689330
4342.4812337	2.0133419
4343.4825495	5.8931032
4344.4820610	2.0910839
4345.4812118	6.9091569
4346.4832492	8.5448687
4347.4834824	3.7691575
4348.4858807	3.0484745
4349.4861139	4.0402125
4350.4892339	3.4789190
4351.4901888	0.2960981
4352.4933087	-2.7082663
4353.4946244	-1.3624940
4354.4963010	-2.1783123
4355.5005034	-0.8240967
4356.5025409	-0.2905231
4357.5071041	0.8371357
4358.5095024	4.0257758
4359.5144265	-0.1351586
4360.5175464	2.9177802
4361.5206663	6.4571242
4362.5263121	-0.0855735
4363.5297928	3.6162307
4364.5361602	2.8658123
4365.5400018	4.7879183
4366.5467301	3.4858623
4367.5512933	1.6001822
4368.5562174	1.4572655
4369.5633065	1.9299763
4370.5685915	2.2379011
4371.5764022	2.6509481
4372.5820480	2.2896615
4373.5905804	0.9789085
4374.5965870	3.2418395
4375.6029545	2.3254721
4376.6118477	1.3181224
4377.6189368	3.0617186
4378.6281909	1.0263874
4379.6356409	-0.1398830
4380.6456166	0.4087806
4381.6534274	-1.4276597
4382.6612382	-0.3357116
4383.6719356	0.9226374
4384.6804681	1.4275788
4385.6915263	1.4352877
4386.7004196	-0.1455254
4387.7118387	-1.3425845
4388.7214537	-0.2752388
4389.7310686	1.1234180
4390.7432094	-2.1167477
4391.7531852	-0.3545962
4392.7660476	0.0061937
4393.7767451	2.1762744
4394.7899683	2.6363448
4395.8006658	0.5063584
4396.8120849	0.7369000
4397.8260299	1.4190353
4398.8378098	0.2864878
4399.8521156	-0.5863247
4400.8642564	-1.8902493
4401.8789230	-2.2844707
4402.8917854	0.4721908
4403.9046479	0.8957481
4404.9200362	0.9143679
4405.9336203	-1.2665709
4406.9493694	0.3843664
4407.9633144	-0.6081790
4408.9797852	1.4377701
4409.9940910	-0.0187526
4411.0083968	-4.1816169
4412.0255892	-1.7834055
4413.0406167	0.1868549
4414.0581700	0.8606841
4415.0739191	-0.8065550
4416.0918332	-1.9904435
4417.1079432	-0.9322629
4418.1240532	-2.1632449
4419.1426890	3.2715877
4420.1595206	2.0115441
4421.1785172	-0.7226631
4422.1957097	0.8342561
4423.2154280	-2.0093382
4424.2329813	2.2031917
4425.2508954	2.5052669
4426.2713354	1.6102297
4427.2896104	-0.7437483
4428.3104112	-0.3086208
4429.3290470	0.8682723
4430.3505695	1.2747129
4431.3699270	1.2567960
4432.3918103	-0.0305853
4433.4111677	-0.0262336
4434.4312469	0.5233489
4435.4538519	-1.8988392
4436.4742918	-3.1456745
4437.4972577	-2.3996161
4438.5180585	1.7699769
4439.5413851	3.2340691
4440.5629076	-0.3206944
4441.5844301	-1.8543270
4442.6084784	-1.9968496
4443.6307225	-1.3041285
4444.6554925	-0.1915342
4445.6777367	-1.6536206
4446.7028675	-2.1012381
4447.7258333	-1.1953715
4448.7491600	-2.4394684
4449.7750125	-0.3607416
4450.7987000	1.5446111
4451.8249133	-0.7518211
4452.8493224	-0.3479920
4453.8758966	1.8157340
4454.9006666	0.3414584
4455.9254366	-1.8226182
4456.9530932	-1.6714585
4457.9782241	-0.2897940
4459.0062416	-0.1913428
4460.0320941	-0.6619176
4461.0604724	-2.1462206
4462.0866857	-1.5685538
4463.1132599	-0.0478289
4464.1423599	-1.4933762
4465.1692949	-1.5175690
4466.1991166	-0.3269999
4467.2264124	-1.6075438
4468.2565949	-0.1006532
4469.2846124	-1.4568029
4470.3126299	-1.2781064
4471.3435341	1.1453129
4472.3722732	-0.8403615
4473.4035383	-0.5967205
4474.4326383	0.6561921
4475.4642641	-0.0558555
4476.4940858	-0.9753839
4477.5239075	-1.0868844
4478.5562550	-0.3425873
4479.5864375	0.3027942
4480.6195067	-0.5072590
4481.6504108	-0.0968777
4482.6838408	-0.7399919
4483.7151059	-1.3867052
4484.7463709	0.0621924
4485.7805226	-2.4037992
4486.8125092	-0.4406171
4487.8473826	0.3760308
4488.8797301	-0.8506247
4489.9149643	-0.8485654
4490.9476726	-1.0331825
4491.9807418	-0.0907842
4493.0166977	-0.6306135
4494.0504885	-1.8468049
4495.0868052	-2.2084364
4496.1205961	-1.4796933
4497.1576344	0.2369299
4498.1921470	-1.5244878
4499.2270203	-0.2763838
4500.2644195	-0.3314636
4501.2996537	-0.1664542
4502.3377746	-1.0012974
4503.3733696	-1.3722863
4504.4118513	-0.9301411
4505.4481680	-1.1650210
4506.4870105	-1.7866106
4507.5236881	0.2196650
4508.5607264	1.1806833
4509.6002906	0.5428861
4510.6376898	-0.2181193
4511.6779757	-0.2979775
4512.7157357	0.8939163
4513.7563824	0.8971543
4514.7948641	-0.7005108
4515.8333458	1.0996103
4516.8747142	2.0956564
4517.9139176	0.4230983
4518.9556468	-0.2918099
4519.9952110	0.3872763
4521.0376619	2.5898209
4522.0775869	1.5444748
4523.1178728	-1.8981977
4524.1610453	1.2130357
4525.2016921	-0.2948449
4526.2452254	-1.2172150
4527.2865938	1.6035973
4528.3304880	2.7135808
4529.3722172	1.6268184
4530.4143073	0.0325640
4531.4589232	-1.3608630
4532.5013741	-0.6990881
4533.5467116	-0.2577265
4534.5895233	0.6513930
4535.6352217	0.7415664
4536.6787551	0.2389681
4537.7222885	-0.4045484
4538.7687085	-1.3171122
4539.8129636	-1.5399357
4540.8597445	0.4500874
4541.9043604	0.3589404
4542.9515021	-0.7326030
4543.9968397	-0.3229646
4545.0421772	0.9214198
4546.0900406	-0.3774935
4547.1360998	-1.1513754
4548.1846849	1.9655101
4549.2307441	-0.8474824
4550.2800509	-3.6538267
4551.3268318	0.4192395
4552.3736127	0.4167934
4553.4236411	0.2525478
4554.4711436	0.2626917
4555.5211720	0.0555702
4556.5693963	-0.9333607
4557.6197855	-1.0616256
4558.6683706	0.1459115
4559.7173165	-0.4518645
4560.7687882	-0.0410268
4561.8177341	-1.6444242
4562.8699275	-0.3463092
4563.9195951	0.7765616
4564.9717885	-0.8776414
4566.0221778	0.8291859
4567.0725670	0.3676788
4568.1254821	-1.7851181
4569.1765930	-1.2884377
4570.2302297	1.5526467
4571.2813406	0.1802202
4572.3356991	0.5689449
4573.3875316	1.3023476
4574.4397250	0.2303454
4575.4944443	-1.2021090
4576.5469985	-1.0803866
4577.6024395	-0.4965037
4578.6553546	0.5960444
4579.7111563	1.1146222
4580.7647931	0.1211719
4581.8187906	-0.5120445
4582.8753141	0.1431588
4583.9293117	0.9711102
4584.9865567	1.1742503
4586.0412760	-0.0401972
4587.0988819	-1.1350460
4588.1539620	-0.8947367
4589.2119288	-1.4729376
4590.2677305	0.9238183
4591.3238931	2.0769689
4592.3825816	-1.9165456
4593.4391050	-1.4251140
4594.4981543	0.6069531
4595.5553994	1.9027105
4596.6148095	0.9102212
4597.6724154	0.5018410
4598.7300213	0.7926272
4599.7905139	0.7163702
4600.8488415	0.0526704
4601.9096950	0.2041457
4602.9683834	0.4689129
4604.0295977	0.4116689
4605.0890078	1.8342302
4606.1484179	-0.2550264
4607.2103538	-0.2463996
4608.2704856	1.2219203
4609.3331432	-0.8456091
4610.3932750	-0.1290632
4611.4566543	-0.2019312
4612.5175077	0.0597368
4613.5783611	-0.6435583
4614.6424621	-0.5038016
4615.7040372	-0.6069077
4616.7684990	-0.7029440
4617.8304349	0.8733881
4618.8952575	0.2059328
4619.9579152	-0.0380624
4621.0205728	-0.1323164
4622.0861171	-1.2333774
4623.1494963	-0.6877015
4624.2157623	-0.6373241
4625.2795024	1.1158781
4626.3461292	0.3867190
4627.4102301	1.7487713
4628.4746919	-0.4077523
4629.5420404	1.9333588
4630.6072238	1.1076862
4631.6749331	0.2820993
4632.7404774	0.6208208
4633.8089084	-0.4190441
4634.8748135	-0.6968415
4635.9410795	1.0282461
4637.0102321	0.3091333
4638.0768589	0.6115774
4639.1463724	0.1027082
4640.2137208	-1.0211952
4641.2835951	-0.4460481
4642.3513044	0.3372594
4643.4193746	0.0681240
4644.4899705	-0.1138164
4645.5584015	1.1278419
4646.6297191	0.1889285
4647.6988718	3.4747277
4648.7705502	-2.1876637
4649.8400637	0.0497410
4650.9095772	0.9815756
4651.9819773	-0.9003924
4653.0522125	-0.3787422
4654.1253343	1.4084720
4655.1959302	1.0193002
4656.2694129	-4.4998213
4657.3407305	8.6127011
4658.4120482	0.8040176
4659.4862525	-3.1589227
4660.5582918	2.8763770
4661.6328570	2.6943803
4662.7052571	2.0581017
4663.7805439	0.1543292
4664.8533049	1.0430304
4665.9264267	0.2916686
4667.0024352	0.4659665
4668.0759178	1.9007953
4669.1526480	0.6550437
4670.2268523	1.5623792
4671.3035825	1.7796577
4672.3781476	1.1861879
4673.4555995	0.1274678
4674.5308863	0.5824053
4675.6061731	0.9833527
4676.6843466	0.3474090
4677.7603551	1.1348861
4678.8388894	1.1590141
4679.9152587	2.5734503
4680.9945147	1.9590787
4682.0712449	0.7597602
4683.1483359	1.5006829
4684.2283136	1.5264442
4685.3057654	1.1913206
4686.3864647	1.4546676
4687.4642774	0.8266728
4688.5453376	0.8144380
4689.6238719	2.0834842
4690.7027671	3.1074870
4691.7845489	2.0779624
4692.8638049	4.2840042
4693.9459476	2.5717079
4695.0259252	2.3624342
4696.1084287	2.9632148
4697.1887673	0.7318351
4698.2694666	1.6607913
4699.3526918	2.3622139
4700.4337519	-0.4551676
4701.5176988	0.3884929
4702.5994806	-2.1424373
4703.6837883	3.7162091
4704.7659310	3.2665003
4705.8480737	-3.2239761
4706.9334638	1.0677154
4708.0163282	0.1786856
4709.1017184	1.0964558
4710.1853044	0.3310997
4711.2714162	1.8481744
4712.3550023	-1.0887740
4713.4393099	-0.9646147
4714.5261435	-0.0382921
4715.6108120	0.7583521
4716.6980063	-0.0266396
4717.7830357	4.3999718
4718.8709517	-0.6351603
4719.9567027	2.2819484
4721.0424538	1.3825672
4722.1310915	2.0487839
4723.2175642	1.2803566
4724.3065627	3.3941171
4725.3933962	2.3955484
4726.4831164	1.3986185
4727.5703108	1.7033556
4728.6578660	1.6620244
4729.7483078	2.1304946
4730.8365847	1.0141172
4731.9273874	-0.1778621
4733.0160251	1.8714090
4734.1075495	1.7970240
4735.1965480	0.8181760
4736.2859074	1.8817972
4737.3777926	3.0415209
4738.4678736	1.5684296
4739.5604805	1.4147381
4740.6509224	1.7999408
4741.7438901	0.1982977
4742.8346928	2.7420266
4743.9258563	1.9688220
4745.0199065	1.4838509
4746.1114309	0.8026545
4747.2058419	0.3800226
4748.2980880	2.1662444
4749.3928599	3.2423345
4750.4854667	2.7533584
4751.5784345	2.2854673
4752.6739280	2.2634473
4753.7672565	1.2229584
4754.8634718	1.4244275
4755.9575220	4.3759987
4757.0540980	4.2075955
4758.1485091	2.4042834
4759.2458068	3.6971619
4760.3405787	2.6384787
4761.4357114	3.9800345
4762.5337308	4.4882809
4763.6292244	3.3930757
4764.7276046	2.4435946
4765.8238198	2.9271717
4766.9229217	2.6555157
4768.0194978	3.6706710
4769.1164347	4.0579000
4770.2162582	3.8519642
4771.3135559	5.1755561
4772.4137403	5.5804453
4773.5117597	5.5296837
4774.6123050	6.2559054
4775.7106852	3.9199907
4776.8094263	5.2961710
4777.9110540	5.6561071
4779.0101559	3.4896172
4780.1121445	5.2108987
4781.2119680	5.8084419
4782.3143175	5.4598206
4783.4145019	6.5505123
4784.5150471	5.2086513
4785.6181182	6.1603684
4786.7190242	5.5165419
4787.8228170	4.4563160
4788.9244447	6.5649788
4790.0285983	6.2339370
4791.1305869	6.7478769
4792.2329363	6.6915120
4793.3378115	8.3362507
4794.4405218	7.1375693
4795.5461187	8.9883494
4796.6495506	6.9320784
4797.7555084	7.7823718
4798.8593011	8.6727653
4799.9630938	8.5283643
4801.0701341	7.3998078
4802.1746485	7.2053962
4803.2820496	8.4321219
4804.3869249	10.8020220
4805.4946868	7.8452355
4806.6002837	8.7453520
4807.7058806	11.8851333
4808.8147250	8.2939712
4809.9210436	9.7102994
4811.0302489	8.7950145
4812.1369283	10.4753598
4813.2464944	8.3061721
4814.3538955	11.3414648
4815.4612966	8.9613176
4816.5719452	11.3484365
4817.6797071	9.1262176
4818.7907166	9.6368184
4819.8992002	11.8339910
4821.0109313	9.4820517
4822.1197757	10.2453558
4823.2293418	12.4554655
4824.3414337	8.8552949
4825.4513607	11.7223696
4826.5638134	10.6807517
4827.6744620	9.8317154
4828.7876365	11.2674609
4829.8982851	12.6592237
4831.0096554	12.0547175
4832.1235515	8.9468584
4833.2352826	9.9269734
4834.3499004	10.4637836
4835.4619923	9.0235053
4836.5769709	10.3859379
4837.6894237	10.4981475
4838.8025981	11.5316435
4839.9182984	12.2182804
4841.0318337	11.7271173
4842.1478948	9.8291869
4843.2617909	14.6111749
4844.3789345	10.7552433
4845.4931915	12.1935110
4846.6106959	11.1127353
4847.7256746	11.7597097
4848.8406532	10.9018733
4849.9588793	11.5673437
4851.0745796	9.0083897
4852.1931665	12.7039933
4853.3095885	11.5111533
4854.4285363	13.2183541
4855.5453191	14.0937174
4856.6624627	11.9630515
4857.7824930	12.5160075
4858.8999975	11.7238434
4860.0203886	10.6483723
4861.1382539	13.4663908
4862.2593667	13.1172317
4863.3779536	11.4781238
4864.4969014	12.9273660
4865.6183751	13.7277097
4866.7376837	12.9974381
4867.8602398	14.0732558
4868.9799093	15.8737387
4870.1028263	14.8870934
4871.2232174	13.4071518
4872.3436086	11.8391739
4873.4672472	12.3597840
4874.5883600	11.2020057
4875.7123595	13.2512855
4876.8341939	11.2079485
4877.9585543	10.1454180
4879.0807496	8.1584600
4880.2033057	9.9974303
4881.3287485	10.9089104
4882.4516655	10.1756712
4883.5774691	10.4291830
4884.7007470	9.8345430
4885.8272723	8.9551172
4886.9512718	9.9221579
4888.0756321	10.0619186
4889.2028791	10.8280599
4890.3276002	9.0932156
4891.4552080	8.5727070
4892.5802900	7.5115607
4893.7086195	8.8437314
4894.8344231	9.5797399
4895.9605876	8.6915710
4897.0896388	9.2138427
4898.2161641	8.5054276
4899.3455761	6.6282852
4900.4728231	7.6077479
4901.6025959	9.4424880
4902.7302038	9.4256951
4903.8581724	7.8815033
4904.9890277	6.2268855
4906.1173572	7.0597592
4907.2485734	6.0488875
4908.3776246	5.7850968
4909.5095624	7.1618926
4910.6389744	5.3827237
4911.7687472	5.3938635
4912.9014067	5.9728863
4914.0315404	6.1165802
4915.1645607	6.5627204
4916.2954161	5.2432074
4917.4291581	5.1799190
4918.5603743	6.7009236
4919.6919513	5.7021530
4920.8264149	5.2779973
4921.9583528	6.4885246
4923.0931773	5.5004078
4924.2258368	5.8854774
4925.3613830	6.1428069
4926.4944033	6.3530496
4927.6277845	5.2647078
4928.7640523	5.0351904
4929.8977943	5.7500415
4931.0347839	4.7056914
4932.1692475	5.5700317
4933.3065979	6.4105901
4934.4414224	5.6803993
4935.5791336	6.0679518
4936.7146798	5.9415107
4937.8502260	5.0060127
4938.9890197	5.0273939
4940.1252875	5.5126181
4941.2644420	5.7622829
4942.4010707	4.9295168
4943.5409469	6.0533161
4944.6779364	6.7995222
4945.8156476	5.8323296
4946.9562455	6.2681682
4948.0939567	6.6500350
4949.2352762	8.0337174
4950.3737091	7.5605352
4951.5153894	7.2362080
4952.6541831	8.7288014
4953.7936985	8.0939651
4954.9361005	9.0422467
4956.0759767	8.9483067
4957.2187396	10.3597970
4958.3593375	13.3083440
4959.5024612	12.5217828
4960.6434199	14.0137298
4961.7847394	12.6779434
4962.9289456	14.1438681
4964.0706260	14.4984728
4965.2151930	14.9724649
4966.3575951	14.3788729
4967.5028838	13.6351613
4968.6456467	13.6725141
4969.7884095	10.6034842
4970.9344199	8.2626158
4972.0782653	7.3529979
4973.2246365	5.8701035
4974.3688427	6.5387127
4975.5159356	6.1950334
4976.6605027	4.6459901
4977.8054305	5.0847968
4978.9532451	5.4973816
4980.0985338	4.1869615
4981.2470700	3.0833492
4982.3930804	3.4339981
4983.5419775	3.9023819
4984.6883487	5.4564283
4985.8350807	4.4643043
4986.9846995	4.0985209
4988.1321532	5.3414248
4989.2821327	5.0655582
4990.4299473	5.0186923
4991.5806485	4.9341336
4992.7291848	5.2002213
4993.8777210	5.5831403
4995.0291439	6.8929353
4996.1784018	8.2177369
4997.3305463	8.2845947
4998.4801651	8.7729281
4999.6326705	9.8757406
5000.7830109	9.1032654
5001.9333513	12.9788957
5003.0869392	14.8470110
5004.2376404	18.2648376
5005.3915891	18.6355943
5006.5430121	25.6844021
5007.6976825	28.1188988
5008.8498270	30.6644755
5010.0019716	30.3368140
5011.1573637	28.3771345
5012.3102299	29.4708534
5013.4659828	34.0912239
5014.6192099	36.2378793
5015.7756845	34.2239900
5016.9296332	28.7832928
5018.0835820	20.9709395
5019.2407782	11.6721528
5020.3954486	4.7201831
5021.5530057	3.9202103
5022.7083978	4.0747864
5023.8666766	2.4210432
5025.0224295	1.9907473
5026.1810691	3.1688264
5027.3371828	3.5367962
5028.4940182	1.5544051
5029.6533795	0.9223818
5030.8105757	1.9006442
5031.9706587	1.4609863
5033.1282158	1.4800530
5034.2886595	1.1946727
5035.4469383	2.1624487
5036.6052170	1.6561666
5037.7667433	1.8538371
5038.9257437	2.7159901
5040.0876308	1.0846085
5041.2469921	2.3307204
5042.4096009	3.2373847
5043.5696838	2.1734948
5044.7297667	3.6704334
5045.8930971	0.7493092
5047.0539017	2.2119920
5048.2179539	1.4748536
5049.3791193	0.4942636
5050.5435322	3.4944162
5051.7054193	0.5695874
5052.8676673	0.7821945
5054.0328019	1.3442984
5055.1954106	2.5347217
5056.3612669	0.7535404
5057.5242365	3.0315470
5058.6904536	0.6625301
5059.8541449	1.3186226
5061.0181970	1.1504525
5062.1854966	1.8504554
5063.3499096	2.1759260
5064.5175700	1.5018555
5065.6827047	-0.2202779
5066.8507259	0.1914574
5068.0162214	2.1394178
5069.1824385	-0.7068385
5070.3511815	0.4179935
5071.5177594	1.6918866
5072.6872240	-1.6073976
5073.8541628	2.5848633
5075.0239883	1.0088503
5076.1916487	0.9078427
5077.3593092	1.9649492
5078.5302171	1.2075453
5079.6985993	0.7546634
5080.8698681	1.4769228
5082.0386110	3.2444367
5083.2106015	2.3744384
5084.3800661	1.5332772
5085.5495307	0.3782352
5086.7222429	0.6304516
5087.8924292	2.0627798
5089.0658630	1.2651836
5090.2364101	0.4329184
5091.4102047	1.5203432
5092.5814735	2.2543303
5093.7531032	-0.0293377
5094.9276195	1.3126204
5096.0999708	2.8837209
5097.2748479	-0.3472343
5098.4475601	0.2693689
5099.6235197	0.4011830
5100.7965927	0.7541614
5101.9700265	2.8856502
5103.1463470	0.3541562
5104.3205024	1.9740596
5105.4975446	1.6521907
5106.6720609	-0.9303227
5107.8494639	1.1376265
5109.0247019	0.8422119
5110.1999398	1.9123529
5111.3784253	-1.6184417
5112.5540241	1.2188304
5113.7332313	2.4627103
5114.9095518	0.6155732
5116.0891198	-0.6511665
5117.2661619	-1.7902253
5118.4460907	2.5860303
5119.6234937	-0.9378995
5120.8012576	-0.2224592
5121.9822689	1.1449638
5123.1603935	0.6834908
5124.3417657	1.3164817
5125.5206120	1.1322018
5126.7027059	0.6113119
5127.8819130	-0.3884799
5129.0614810	0.9650839
5130.2442965	-0.5994232
5131.4245862	0.4483653
5132.6077625	-2.3183520
5133.7887738	2.7744045
5134.9723110	-1.4331790
5136.1536832	-1.3910670
5137.3354162	2.9904833
5138.5200358	0.1158932
5139.7021297	1.0789615
5140.8874710	0.5372364
5142.0699257	-0.2898039
5143.2556279	2.6684187
5144.4388042	1.2354095
5145.6223414	1.6154056
5146.8091261	-0.1448858
5147.9930241	0.7917536
5149.1801696	0.7766270
5150.3647892	1.8501546
5151.5522956	1.2315906
5152.7372761	-0.7274656
5153.9229783	3.3659386
5155.1112063	3.4821939
5156.2972693	-0.5171257
5157.4862190	-0.2632732
5158.6726429	1.9312560
5159.8623142	0.9971885
5161.0494597	0.1355030
5162.2366052	1.1893637
5163.4269983	1.3003844
5164.6148655	-0.1954842
5165.8059802	-0.2342033
5166.9942082	1.1824381
5168.1856837	-0.7316630
5169.3746334	1.0107174
5170.5639439	1.2463924
5171.7561411	1.1384329
5172.9458125	-0.4353269
5174.1387313	-1.2856216
5175.3291244	0.4421129
5176.5224041	-0.3021242
5177.7135188	-0.1334944
5178.9046335	-0.0794808
5180.0986348	-0.8173721
5181.2904712	0.1549330
5182.4851942	-0.6161287
5183.6773914	0.3770718
5184.8728361	0.3317519
5186.0653942	-0.5333757
5187.2586739	-0.7668280
5188.4548403	0.9892033
5189.6484808	0.4786589
5190.8450080	-1.6390385
5192.0393702	-1.1734710
5193.2366191	-0.3334048
5194.4313421	0.7407010
5195.6260652	0.7596918
5196.8243966	0.4192015
5198.0198413	-0.4012562
5199.2185335	-0.7234257
5200.4143390	0.5903267
5201.6137529	1.1029363
5202.8102801	0.8599282
5204.0100549	0.0148741
5205.2073038	0.6152617
5206.4045526	2.2724416
5207.6054099	1.1529897
5208.8033804	0.7666678
5210.0045985	0.4129733
5211.2029299	-0.4182198
5212.4048696	-0.3701268
5213.6039226	-1.3929258
5214.8033365	-0.1592977
5216.0056371	-0.1268905
5217.2057727	-0.4113211
5218.4087949	-0.1771950
5219.6092913	0.6120932
5220.8126744	0.9619570
5222.0138924	0.8264148
5223.2151105	-0.4785457
5224.4195761	0.1287191
5225.6215158	-0.1292814
5226.8267030	-0.0836212
5228.0290036	0.4769884
5229.2345517	0.9699677
5230.4375739	-0.4200752
5231.6405961	-0.3158239
5232.8472267	0.0613013
5234.0509706	-0.0097360
5235.2579620	0.0885134
5236.4624276	-0.6020358
5237.6697799	1.3734017
5238.8746063	-0.0556053
5240.0797935	-0.9287080
5241.2882283	1.4087991
5242.4941372	0.1120727
5243.7029327	1.4769042
5244.9092025	0.2040116
5246.1187197	0.7058714
5247.3257112	1.3005762
5248.5327026	0.7722058
5249.7429415	0.7139449
5250.9506546	0.9960111
5252.1616152	-0.9440947
5253.3696891	0.0659683
5254.5813714	0.5701824
5255.7901669	-0.3594656
5256.9993234	1.4402144
5258.2113665	-0.4860877
5259.4208837	1.1846964
5260.6340093	-1.1786898
5261.8438874	-0.7470743
5263.0573738	-0.4920195
5264.2683344	0.4717577
5265.4792950	0.6468299
5266.6935031	0.3550999
5267.9051854	-0.3372751
5269.1197543	-0.3321119
5270.3317974	-0.7039563
5271.5474489	0.6147576
5272.7598528	0.3948554
5273.9729784	-0.5597889
5275.1889907	0.7469244
5276.4028379	0.8454589
5277.6195719	0.6075054
5278.8334192	0.4954848
5280.0508748	0.8332893
5281.2654437	-0.2037408
5282.4803735	0.7888578
5283.6985508	0.6931985
5284.9142022	-0.1447984
5286.1327403	-0.3958390
5287.3487526	0.8700785
5288.5680124	1.3934839
5289.7847463	0.2385433
5291.0014803	0.3591754
5292.2218226	1.3719283
5293.4392782	1.8974125
5294.6599813	0.7808488
5295.8777978	0.4086692
5297.0992226	1.2205631
5298.3177607	0.1755677
5299.5395463	-0.4891871
5300.7584453	0.2164002
5301.9780659	-1.3138526
5303.2005732	-0.5462101
5304.4205546	-1.0676923
5305.6437836	-2.2043327
5306.8644867	-1.8553784
5308.0880765	-0.1337606
5309.3091405	0.9295882
5310.5305653	-0.4133770
5311.7552376	-0.1678449
5312.9773840	1.0351646
5314.2024172	-0.1923676
5315.4249245	1.5983699
5316.6506793	3.0791393
5317.8735474	1.0302143
5319.0971372	-0.0875774
5320.3236137	-0.9518296
5321.5475643	1.1840435
5322.7747625	0.0394369
5323.9990740	0.1702085
5325.2269938	1.0509207
5326.4520269	0.8207151
5327.6774209	1.0483342
5328.9060624	1.2321139
5330.1318172	-1.2456437
5331.3608195	-1.1251605
5332.5872960	0.4781969
5333.8170200	0.3565905
5335.0442181	-0.6783206
5336.2714162	-0.5956787
5337.5018619	-0.1331632
5338.7297817	0.1346525
5339.9609490	-1.4808236
5341.1892297	0.7030812
5342.4211187	2.3492214
5343.6501210	0.3421933
5344.8794842	1.5702117
5346.1117340	0.2471694
5347.3418188	2.6818166
5348.5747903	-2.2564583
5349.8052360	-4.0370524
5351.0389291	0.1316088
5352.2700965	-0.9242362
5353.5012638	-1.7585072
5354.7356786	-1.8559431
5355.9675676	3.2233329
5357.2027041	1.0220320
5358.4349540	-1.7693451
5359.6708121	-1.2468693
5360.9037836	-1.1113032
5362.1371160	-0.2162933
5363.3733350	1.1574224
5364.6073890	1.7517554
5365.8443296	-0.8526038
5367.0787445	-0.8857318
5368.3164068	0.2473078
5369.5515433	1.3069023
5370.7866798	-0.4623958
5372.0250639	-1.1658262
5373.2609220	2.0989860
5374.5000277	2.1716242
5375.7362467	-3.2603941
5376.9760741	6.4741412
5378.2130148	-7.4760450
5379.4503163	1.8607871
5380.6908653	0.3775074
5381.9285276	-2.8767353
5383.1697983	-0.2037194
5384.4081823	-1.8904197
5385.6498139	1.7557377
5386.8885587	2.0371344
5388.1280252	-1.5584686
5389.3703784	1.9686402
5390.6102058	-0.5530968
5391.8532806	-1.1292454
5393.0934688	-0.2516010
5394.3372654	-0.4073634
5395.5781752	1.3464066
5396.8223326	-1.8985043
5398.0639641	-2.9224755
5399.3059565	1.9304690
5400.5508355	-0.3792847
5401.7931887	0.6361214
5403.0387894	-1.0412716
5404.2818643	-1.4721043
5405.5281867	-0.0256425
5406.7716224	-1.6302709
5408.0154189	-3.1771506
5409.2624629	4.3959674
5410.5069811	-1.6497249
5411.7543860	1.1016817
5412.9996259	0.3285713
5414.2477524	3.3040798
5415.4933531	-1.6369675
5416.7389538	-0.6725556
5417.9881629	-0.8422507
5419.2344853	2.2039436
5420.4844160	0.1981227
5421.7310992	0.6658398
5422.9813908	-0.4581316
5424.2291565	-1.4421364
5425.4769222	-1.7398969
5426.7279354	2.4431139
5427.9764228	3.6178887
5429.2281577	0.0247498
5430.4770059	-0.6329782
5431.7294625	1.0102948
5432.9786715	1.9175168
5434.2286022	-0.9279951
5435.4817805	0.6346442
5436.7320720	0.1557117
5437.9859719	-2.0999765
5439.2369851	0.2598167
5440.4912459	2.1189381
5441.7426199	1.5898042
5442.9947157	-1.6871050
5444.2496981	-1.3110222
5445.5021546	-4.1519604
5446.7578587	-1.1824457
5448.0110369	-0.9353545
5449.2674627	2.4097385
5450.5210017	0.3297551
5451.7749016	-0.1253147
5453.0320490	-0.5192677
5454.2863098	-0.9318601
5455.5441788	0.8377449
5456.7991612	1.0647741
5458.0573912	-0.8515003
5459.3130952	0.2369066
5460.5691601	-0.3693149
5461.8281117	-0.2875708
5463.0848983	-2.6551277
5464.3445715	-1.4114705
5465.6017190	-0.3295165
5466.8617530	-0.2229137
5468.1196221	0.7177329
5469.3774912	-2.8260510
5470.6386078	-2.5517876
5471.8971985	-0.4984914
5473.1590368	-0.2788971
5474.4179884	0.7276236
5475.6805483	0.4074721
5476.9402216	-1.5393268
5478.2002556	-0.7524514
5479.4635372	-0.4677532
5480.7239322	-2.1719086
5481.9879354	-1.4706428
5483.2490520	-0.3380041
5484.5134161	-1.1409690
5485.7748935	-1.1441313
5487.0370926	-0.1335413
5488.3021784	-1.4685459
5489.5650992	0.1444831
5490.8309066	-1.4315368
5492.0938274	0.7394914
5493.3603565	3.3914153
5494.6243597	0.1835344
5495.8912497	-1.5647258
5497.1556138	-2.1327288
5498.4203387	-0.9901496
5499.6879503	-2.0570088
5500.9533969	-0.9746077
5502.2217302	-0.3959171
5503.4875376	-0.5193103
5504.7565926	-2.6919823
5506.0231217	-0.6270740
5507.2896508	0.0651169
5508.5597883	-0.4254582
5509.8270390	-0.9552245
5511.0975373	-1.3517083
5512.3651489	-1.1266833
5513.6363689	-0.2168608
5514.9047022	-1.9515039
5516.1733963	-1.6971466
5517.4453379	-0.1281470
5518.7147537	-0.9363669
5519.9874170	0.7901612
5521.2571936	-2.2559500
5522.5305786	-1.3545023
5523.8010768	-2.6567316
5525.0715751	0.2088033
5526.3456818	-1.3916797
5527.6169017	-2.0226739
5528.8917300	-0.9279665
5530.1636716	-2.0563100
5531.4388608	-2.4917235
5532.7115241	1.6540693
5533.9841874	-0.0955851
5535.2604590	1.5609412
5536.5334831	0.0433087
5537.8104764	-1.3207713
5539.0842222	0.1715775
5540.3615764	-0.2820219
5541.6360438	-0.5588275
5542.9108721	0.0128184
5544.1893088	-0.9467559
5545.4644979	-0.1877540
5546.7432954	1.3509669
5548.0195670	0.4618771
5549.2987254	2.3607669
5550.5753578	-0.8525808
5551.8523511	-0.0137411
5553.1325920	0.3055198
5554.4099461	-0.8828001
5555.6909086	0.4503944
5556.9689844	-0.3872862
5558.2503077	0.2951146
5559.5291052	-3.5234662
5560.8079027	-0.4449531
5562.0903085	3.2452090
5563.3698277	-1.3179970
5564.6529551	-0.1489816
5565.9328351	-3.6629964
5567.2163235	1.2312515
5568.4972859	0.5303079
5569.7782484	-1.5853845
5571.0624584	-0.9728821
5572.3441426	0.0231781
5573.6290743	0.1736461
5574.9114801	-1.5292143
5576.1967726	-1.5486607
5577.4795392	-1.7025212
5578.7626667	-0.8479629
5580.0494026	-1.0411324
5581.3328909	-0.0139573
5582.6199876	0.4238261
5583.9041976	-0.2362529
5585.1920159	-1.0091065
5586.4765867	0.1995231
5587.7618792	-0.4776679
5589.0504193	-0.4159688
5590.3360726	1.6543977
5591.6253343	0.1927223
5592.9117093	-3.0981091
5594.2013318	-1.7244782
5595.4884285	0.7145795
5596.7787727	3.2368788
5598.0662302	0.5659463
5599.3540485	0.1757163
5600.6451144	0.7315499
5601.9336544	1.3208586
5603.2254419	-0.8233552
5604.5143427	0.7085819
5605.8068519	-1.2058113
5607.0964744	-1.4018346
5608.3864578	0.6157892
5609.6796887	-0.2224230
5610.9700328	-0.4907626
5612.2639854	1.0041138
5613.5550512	0.2807535
5614.8493646	-2.7003203
5616.1411521	-0.3819016
5617.4333005	4.7431190
5618.7286963	5.7778383
5620.0212055	3.7567015
5621.3169622	2.5904746
5622.6101931	1.1741062
5623.9070323	1.7024786
5625.2006240	-3.2548189
5626.4945765	0.3231701
5627.7921374	2.9834480
5629.0868116	0.0944976
5630.3847333	-1.8210132
5631.6801292	1.6435107
5632.9787725	0.9929760
5634.2745292	-1.1166434
5635.5706468	0.6351773
5636.8703727	1.2823819
5638.1672119	-1.5834548
5639.4672986	0.1565880
5640.7644986	-2.2784874
5642.0653070	0.9073480
5643.3632287	0.9221041
5644.6615113	0.1702612
5645.9630413	-0.8129748
5647.2620455	-1.8185952
5648.5642972	-0.1312075
5649.8636623	-0.0442184
5651.1666357	0.0186541
5652.4667224	-0.0839362
5653.7668091	0.1791387
5655.0708650	-0.6043511
5656.3716734	-1.0832087
5657.6760901	1.3729530
5658.9776202	-1.0271866
5660.2823977	0.3128029
5661.5846495	0.3200452
5662.8869012	-0.8882605
5664.1927613	0.3819028
5665.4960955	-0.7566292
5666.8023164	0.7758036
5668.1060114	-0.8618221
5669.4129540	0.4216602
5670.7173707	-0.2318091
5672.0217875	-0.8301200
5673.3298126	-0.0629578
5674.6349509	1.2275173
5675.9436977	-0.4765003
5677.2491969	0.6543629
5678.5583045	1.8860625
5679.8648862	-0.1231643
5681.1714680	-0.3126779
5682.4816581	-0.1174488
5683.7886006	0.5382136
5685.0995124	0.9921785
5686.4071766	0.2369848
5687.7184492	0.6332726
5689.0268351	-0.2021772
5690.3355819	-0.4202924
5691.6479370	1.4912768
5692.9574054	0.9472797
5694.2701213	1.1664518
5695.5799505	0.6546673
5696.8933881	-1.7442011
5698.2039390	1.2032245
5699.5180983	-6.2798541
5700.8290101	-1.2664212
5702.1406435	-1.6069313
5703.4555244	-3.2874521
5704.7675187	-0.6212019
5706.0831213	0.8365258
5707.3958372	1.2177715
5708.7118006	-0.3001298
5710.0252382	0.2653882
5711.3386758	1.0751417
5712.6557217	0.3710772
5713.9698810	0.7772922
5715.2876486	1.5306572
5716.6025295	1.3791590
5717.9206580	1.4053707
5719.2358997	1.6306880
5720.5518632	1.7842602
5721.8707133	-0.4788552
5723.1870376	1.3813151
5724.5069702	1.7710281
5725.8240161	0.3958422
5727.1443096	0.4058457
5728.4617163	-8.1321399
5729.7794839	3.7060312
5731.1008599	0.1891551
5732.4193492	-0.2313522
5733.7410859	1.3648053
5735.0602969	-0.2221391
5736.3827553	-0.2215422
5737.7023271	0.4486108
5739.0222597	0.5948912
5740.3458007	1.2677886
5741.6660941	-0.3937384
5742.9903568	0.4347045
5744.3113719	2.7908332
5745.6359953	-0.7217727
5746.9577321	1.9140170
5748.2798298	-0.3999878
5749.6055357	-1.8672453
5750.9279942	-2.3314047
5752.2544218	1.7073685
5753.5776019	0.9136765
5754.9043904	0.8296674
5756.2282922	0.1444392
5757.5525548	1.0383624
5758.8800650	-2.3802151
5760.2050493	-4.5660890
5761.5332811	1.8049518
5762.8586262	-0.9233501
5764.1875797	-0.8254757
5765.5136465	0.2580872
5766.8400741	1.0887869
5768.1697493	0.1524145
5769.4968986	-1.1261022
5770.8272954	-2.5154973
5772.1548055	-0.0381213
5773.4859240	1.5195131
5774.8141558	-0.8130578
5776.1423876	0.0853269
5777.4745886	0.0874820
5778.8035421	0.1607676
5780.1361039	-4.3806699
5781.4657790	-6.8227857
5782.7990625	1.5703326
5784.1294593	0.1362564
5785.4598562	0.3615702
5786.7942221	-0.0002259
5788.1253406	0.8339763
5789.4600675	0.3861254
5790.7919076	-0.3011833
5792.1273561	1.3857532
5793.4599179	1.5423186
5794.7924797	0.1496045
5796.1286499	2.5601578
5797.4622942	2.5487765
5798.7991861	-0.6773114
5800.1331912	2.1923868
5801.4704439	2.9634369
5802.8051707	3.9558795
5804.1431451	-4.6223832
5805.4785936	3.7495850
5806.8140421	0.9161158
5808.1530989	1.0150318
5809.4892691	-0.1498822
5810.8290476	1.0149568
5812.1655786	4.2556195
5813.5060788	0.2432696
5814.8433314	2.6460126
5816.1809449	1.9830661
5817.5221668	1.8532388
5818.8605020	0.4068004
5820.2024455	2.3398071
5821.5415023	2.5723424
5822.8838067	-0.0747013
5824.2232243	0.1968075
5825.5630029	1.6325917
5826.9063897	4.8817187
5828.2468899	1.4283591
5829.5909984	1.4149088
5830.9322203	0.0741353
5832.2766896	1.3949828
5833.6182723	2.5324280
5834.9605767	-0.9683780
5836.3057677	2.2454505
5837.6484329	3.0844944
5838.9947064	3.2389334
5840.3380933	2.7770819
5841.6847276	0.5179466
5843.0284753	2.7610635
5844.3729447	1.4584975
5845.7206616	4.6538885
5847.0651309	-3.6061164
5848.4135695	-4.7790624
5849.7591213	5.7724870
5851.1079207	5.1996145
5852.4538334	-0.0951091
5853.8004678	-2.9224190
5855.1503496	1.0711440
5856.4973448	1.7693127
5857.8475875	3.5442546
5859.1953044	1.7997070
5860.5462688	0.5615343
5861.8947073	-0.5277399
5863.2431459	6.3668754
5864.5951928	2.0472537
5865.9443530	2.0294649
5867.2971215	1.2941646
5868.6466426	2.5508655
5870.0001328	1.8865827
5871.3503755	4.1120183
5872.7009790	1.5758752
5874.0555518	1.0560901
5875.4068770	1.3048815
5876.7614497	5.2311647
5878.1134966	1.8913059
5879.4691518	2.1003760
5880.8215595	2.4591266
5882.1743281	1.7190998
5883.5307050	2.1924800
5884.8841952	3.3536898
5886.2412938	-2.7352598
5887.5955057	2.2596413
5888.9533259	5.4805821
5890.3078986	0.5439754
5891.6628322	1.5030297
5893.0217349	0.4009469
5894.3773902	2.8996781
5895.7366537	-1.1182849
5897.0926698	-0.7233764
5898.4526550	-2.6653505
5899.8097536	2.0357918
5901.1668522	2.7747536
5902.5275591	0.9290430
5903.8853793	0.5216664
5905.2468079	1.0035352
5906.6053498	-2.4776307
5907.9675001	-3.3029977
5909.3264028	10.4077276
5910.6892747	0.8050214
5912.0488991	0.6663403
5913.4088844	2.6568101
5914.7728388	3.7399585
5916.1331849	1.8570794
5917.4975001	2.6052647
5918.8589287	0.8713144
5920.2239656	1.5446610
5921.5857551	1.3650216
5922.9479053	0.9366481
5924.3136639	0.5853368
5925.6765358	0.9505025
5927.0430161	1.5262057
5928.4066097	4.8176791
5929.7738116	2.7775870
5931.1377660	-7.3627430
5932.5024421	0.3020715
5933.8703657	3.0874099
5935.2354027	1.2073245
5936.6040479	2.4537488
5937.9698065	1.8596799
5939.3391735	2.0596960
5940.7052929	0.5622730
5942.0721340	1.1060932
5943.4422226	1.7844129
5944.8094245	0.4445083
5946.1802348	0.6326715
5947.5481584	2.5752709
5948.9196904	2.3153443
5950.2883356	2.4425696
5951.6573417	2.7656427
5953.0295954	1.3115022
5954.3989623	-0.3788401
5955.7722984	4.2930882
5957.1423870	0.9987106
5958.5160840	0.4324692
5959.8868943	3.4415124
5961.2577045	1.6603887
5962.6324840	-0.2920044
5964.0040159	0.7029203
5965.3795171	1.6888887
5966.7517707	3.1558212
5968.1276326	0.9853355
5969.5006079	1.9745975
5970.8739441	2.1164064
5972.2508885	1.6794702
5973.6245855	1.5873674
5975.0022516	2.1684487
5976.3766702	0.5972735
5977.7550580	-0.0162066
5979.1301983	1.4148488
5980.5056995	2.4128066
5981.8848089	1.6200101
5983.2606709	2.7922954
5984.6405020	1.2567037
5986.0174465	0.0425476
5987.3976385	-0.4434289
5988.7749438	0.1185990
5990.1526099	1.7611765
5991.5342452	2.6300532
5992.9122722	1.6469605
5994.2942683	1.8647787
5995.6733778	-2.1151166
5997.0560956	-0.8299775
5998.4355659	2.0777527
5999.8153971	3.0933198
6001.1991974	1.5340460
6002.5797502	2.4528842
6003.9639114	1.2890054
6005.3448250	3.3114635
6006.7297078	0.8171330
6008.1117040	0.5391724
6009.4969476	0.4963541
6010.8796654	1.0908784
6012.2623833	1.4539721
6013.6487094	1.8176758
6015.0321489	0.7793335
6016.4191967	1.2231871
6017.8033579	1.4861868
6019.1911274	1.8983020
6020.5756494	0.9519533
6021.9608930	1.9539576
6023.3493842	1.5253504
6024.7349887	-0.2602025
6026.1242015	-0.1361757
6027.5105277	0.3994773
6028.9004622	0.4244522
6030.2875100	0.5983429
6031.6749187	1.3749459
6033.0655749	-0.4274831
6034.4537052	-0.0177410
6035.8450831	1.0021747
6037.2335742	1.8312270
6038.6256738	1.3697890
6040.0148866	0.5494577
6041.4044603	0.5695737
6042.7976423	3.9590703
6044.1879376	2.0724336
6045.5814805	0.0506369
6046.9724975	1.0595216
6048.3667620	0.2264386
6049.7581398	1.6845598
6051.1498785	2.8863940
6052.5452256	-0.0809831
6053.9376859	0.3497944
6055.3333938	2.5615305
6056.7269366	1.7994293
6058.1233661	2.7535365
6059.5169090	2.1641490
6060.9111735	2.4863602
6062.3083247	2.4903911
6063.7033109	0.6247324
6065.1019054	1.6503727
6066.4968916	1.0442228
6067.8954862	2.0523528
6069.2919157	1.6701215
6070.6876235	2.3939009
6072.0876614	1.4508230
6073.4848126	1.6908848
6074.8848505	1.4511502
6076.2827234	0.7260204
6077.6842046	1.9091398
6079.0820774	0.8272093
6080.4806720	2.2651376
6081.8828749	3.7138839
6083.2814694	0.1892508
6084.6843939	2.5319706
6086.0844318	1.6343504
6087.4880780	2.7660503
6088.8881159	1.2479978
6090.2888754	0.3412063
6091.6932433	4.0619257
6093.0947245	4.3065242
6094.4998141	2.4891349
6095.9020170	2.5049663
6097.3078282	4.1921601
6098.7100311	1.9394692
6100.1129556	2.1374706
6101.5202102	3.3325502
6102.9238564	0.2166967
6104.3311110	1.0762681
6105.7354789	1.9998743
6107.1434551	0.3260734
6108.5478230	3.3124357
6109.9536342	-0.1840395
6111.3623321	0.3572737
6112.7681433	3.1727360
6114.1775629	-1.3892351
6115.5840958	2.4973704
6116.9942370	1.7131909
6118.4014916	-0.7316380
6119.8123545	3.6360985
6121.2203307	-2.0846194
6122.6290286	-1.0173735
6124.0406132	-6.7546102
6125.4493111	-0.1629069
6126.8616174	8.0950174
6128.2717586	-0.1857368
6129.6847865	0.0533742
6131.0949278	1.7750431
6132.5050690	-4.0504551
6133.9195403	-2.9154996
6135.3304032	-3.6000928
6136.7448744	-1.6899802
6138.1571807	-1.0878800
6139.5723736	0.7276871
6140.9846798	-2.3202916
6142.3977077	0.8380666
6143.8136223	2.4424990
6145.2273719	1.1457105
6146.6447299	-2.5077857
6148.0584794	1.0206104
6149.4758374	0.4212753
6150.8910303	-0.2471315
6152.3055015	-0.0648464
6153.7243028	-3.5813285
6155.1402174	1.1852481
6156.5597403	-0.0788412
6157.9756549	-0.6186952
6159.3958995	0.4331476
6160.8125358	1.1910352
6162.2298937	0.3338986
6163.6508600	-0.8646386
6165.0689396	-4.8278866
6166.4906275	-14.2169359
6167.9094288	-1.8463285
6169.3318384	5.6040575
6170.7506397	-10.6361751
6172.1701626	-0.5002195
6173.5940156	1.5216166
6175.0142602	-0.8031070
6176.4381131	-1.3030378
6177.8590794	-0.2569438
6179.2836540	-1.1759282
6180.7046203	-0.7771144
6182.1270299	1.7402143
6183.5523262	1.0975054
6184.9747358	-1.6898732
6186.4007538	-0.6571076
6187.8246067	-1.5702090
6189.2513463	-0.3408179
6190.6751993	1.9647882
6192.0990522	3.1027529
6193.5272352	-3.1731589
6194.9518098	-0.6275236
6196.3807145	-0.1796293
6197.8060108	1.8017849
6199.2349154	0.4636935
6200.6609333	0.8917855
6202.0876730	1.4610167
6203.5180209	-1.3850343
6204.9447606	2.3354051
6206.3758302	-3.4682653
6207.8032915	-2.7965219
6209.2350828	0.1231031
6210.6632658	-3.7118940
6212.0921704	1.5050816
6213.5246834	1.1767724
6214.9543097	-0.3560191
6216.3875443	-3.2330365
6217.8171706	-2.5162928
6219.2511270	-0.3464297
6220.6821966	1.6730289
6222.1132662	-2.9737192
6223.5479442	0.5563107
6224.9797355	-2.3728877
6226.4151352	1.8863971
6227.8476482	-4.0465663
6229.2837695	2.7481904
6230.7162825	-11.5970858
6232.1531255	0.5466956
6233.5870818	-5.6713051
6235.0210381	2.4252980
6236.4586028	-1.9005826
6237.8932807	0.0593660
6239.3322887	0.4589926
6240.7669667	1.9647893
6242.2066964	-0.9171845
6243.6420961	0.1900581
6245.0789390	-0.9001106
6246.5186687	-0.4913244
6247.9562334	0.4019972
6249.3966847	1.3251712
6250.8342494	-0.7941235
6252.2754224	1.0586422
6253.7137087	-0.4129365
6255.1527167	-3.1354945
6256.5953331	-6.0160656
6258.0343411	-8.3816905
6259.4776791	-7.0016055
6260.9174087	1.8197386
6262.3614684	-0.8495083
6263.8019198	1.7459124
6265.2430928	0.3622658
6266.6878741	0.9733449
6268.1290471	0.0306598
6269.5745501	-0.7817856
6271.0171665	1.0095433
6272.4633912	2.6277964
6273.9060075	0.3853184
6275.3493455	1.3207893
6276.7962919	1.0928916
6278.2403516	3.5891456
6279.6880196	2.9667820
6281.1328010	3.0724592
6282.5811906	3.5405867
6284.0266937	-0.5829693
6285.4721967	4.6978995
6286.9213081	2.6173846
6288.3682544	-1.8371659
6289.8180875	0.7025873
6291.2650338	2.1715952
6292.7155885	3.4178828
6294.1632565	0.6925424
6295.6116462	3.5127846
6297.0629226	4.7639367
6298.5120340	-0.2985075
6299.9640320	2.3649810
6301.4131434	4.0494813
6302.8665848	1.2977005
6304.3164178	2.5730572
6305.7669725	1.2688215
6307.2211355	4.1848062
6308.6716903	2.5352189
6310.1265750	1.8142161
6311.5785730	-0.2945500
6313.0334577	3.3521855
6314.4861774	3.0228385
6315.9388972	1.5728517
6317.3952252	2.6678577
6318.8486666	3.1564678
6320.3057163	3.4569430
6321.7591577	0.3044762
6323.2169291	3.3918212
6324.6718138	3.2809465
6326.1266985	5.8056407
6327.5859133	1.1988660
6329.0415196	1.3770197
6330.5007344	2.7284506
6331.9570624	3.1445902
6333.4169988	4.2893030
6334.8740486	3.4647224
6336.3318199	5.4114833
6337.7924780	5.1262613
6339.2509711	2.7751904
6340.7123508	4.4216358
6342.1708439	4.7365047
6343.6336670	4.5577340
6345.0928817	7.2327332
6346.5564264	4.1306934
6348.0163628	6.0751880
6349.4762992	3.6394087
6350.9405656	6.4898090
6352.4019454	2.9389990
6353.8669335	7.4358906
6355.3283132	5.1236011
6356.7940230	4.6169864
6358.2561244	3.7872932
6359.7189474	5.1837566
6361.1853789	4.2848417
6362.6489236	3.1994109
6364.1160767	4.6617849
6365.5803431	4.3492164
6367.0482179	5.2192772
6368.5124843	6.2862311
6369.9774724	6.6136013
6371.4467905	4.1506545
6372.9125002	4.6790051
6374.3818183	6.7383014
6375.8482498	9.4091477
6377.3190112	7.1427386
6378.7854426	6.3671858
6380.2533174	0.9795496
6381.7248005	9.3193386
6383.1926752	4.5189202
6384.6648800	1.6608633
6386.1334764	8.2077516
6387.6056812	6.5033925
6389.0757210	4.2332536
6390.5450391	9.6740302
6392.0186872	6.9369983
6393.4894486	10.1946634
6394.9638184	6.5105157
6396.4345798	5.0157096
6397.9096713	10.8224271
6399.3818761	6.3082394
6400.8540808	11.2728795
6402.3298940	3.6085392
6403.8028204	8.0637512
6405.2793552	4.9750501
6406.7530033	7.4648933
6408.2302598	10.5847168
6409.7046295	9.4268662
6411.1789993	7.9331801
6412.6576991	12.8303013
6414.1327906	11.8638829
6415.6114904	10.8993947
6417.0873035	10.7785887
6418.5674466	12.9848196
6420.0439814	14.0647566
6421.5212379	13.7105008
6423.0013810	13.6704707
6424.4793591	12.5924973
6425.9609456	11.6804315
6427.4389237	14.3049346
6428.9212318	17.8416822
6430.3999316	15.5248608
6431.8793531	18.5595954
6433.3623829	16.7521353
6434.8425260	14.8905120
6436.3262775	14.9591765
6437.8071423	15.2925297
6439.2916155	19.6512619
6440.7732019	19.9667721
6442.2547884	21.6272756
6443.7407049	21.1309627
6445.2230130	19.8194860
6446.7089295	22.5518019
6448.1919593	23.3870690
6449.6793192	21.8822271
6451.1623490	22.4539754
6452.6468221	27.5234742
6454.1349036	25.6264767
6455.6193768	25.5376351
6457.1081799	28.8018577
6458.5933747	31.9407184
6460.0828996	30.1032021
6461.5688160	27.3448358
6463.0590625	28.3667851
6464.5457007	31.0362411
6466.0330605	29.4431203
6467.5240287	32.9516765
6469.0121102	31.3583453
6470.5038000	33.0092057
6471.9926032	34.9320328
6473.4850147	37.9783293
6474.9738178	26.8985620
6476.4633427	38.2754677
6477.9571975	31.8832286
6479.4474440	34.3303004
6480.9412989	34.7322797
6482.4322670	33.7446795
6483.9268435	40.9686992
6485.4185334	40.7804517
6486.9109449	39.3093138
6488.4062431	37.9457963
6489.8993762	46.2742184
6491.3953961	47.0180597
6492.8892509	44.5129626
6494.3859925	45.4054598
6495.8805690	47.4744189
6497.3744238	44.8144527
6498.8733303	47.8266793
6500.3679069	48.6972778
6501.8668134	50.0614481
6503.3628332	45.8133238
6504.8624614	51.6029590
6506.3592030	51.9088838
6507.8559445	55.0042485
6509.3562943	54.6580281
6510.8537575	53.6901261
6512.3555507	56.7317272
6513.8530139	55.9243225
6515.3555288	51.2678098
6516.8544353	56.8106673
6518.3533418	57.0849535
6519.8565784	56.1728328
6521.3562066	58.5913930
6522.8601648	64.2184834
6524.3605147	57.9837960
6525.8651945	48.1395812
6527.3669877	57.6149186
6528.8680593	57.4431819
6530.3734608	57.1445652
6531.8759757	55.8041373
6533.3820989	64.4050578
6534.8853355	61.8373327
6536.3921803	63.2665311
6537.8961386	64.4620926
6539.4000968	62.0451120
6540.9076633	61.0339161
6542.4123432	64.0154116
6543.9213531	61.3844723
6545.4267546	59.7481277
6546.9364862	61.3874094
6548.4418877	63.9223158
6549.9487326	64.3365044
6551.4591859	66.3708880
6552.9660308	57.8443230
6554.4772057	62.6627748
6555.9854939	64.5953179
6557.4966688	61.9833670
6559.0056787	62.8136196
6560.5146886	65.0577637
6562.0273068	67.6023758
6563.5370384	72.0336032
6565.0503783	67.2816144
6566.5608315	56.8581636
6568.0748931	77.3524532
6569.5860680	63.8840166
6571.0972429	62.3892299
6572.6127478	97.8866293
6574.1246444	75.6807336
6575.6401493	75.0338855
6577.1534892	66.3419133
6578.6697158	65.2243251
6580.1830557	54.0651083
6581.7007256	61.0548949
6583.2147872	59.1965707
6584.7295704	63.3974613
6586.2479620	63.7812711
6587.7627453	62.3427172
6589.2818585	58.9714801
6590.7980851	54.5874226
6592.3179200	54.3185793
6593.8341466	45.7208218
6595.3510949	54.2026315
6596.8716515	60.9270467
6598.3893214	54.3379234
6599.9113213	51.7034895
6601.4297129	49.7391112
6602.9517128	43.8839896
6604.4708261	49.9361062
6605.9899394	49.2728569
6607.5133826	40.4007446
6609.0332176	40.9953171
6610.5573825	40.0439843
6612.0779391	44.4209519
6613.6028257	44.4024782
6615.1241040	39.4415361
6616.6461039	44.3268640
6618.1717122	41.4618311
6619.6944338	43.3001879
6621.2207637	29.9920993
6622.7442070	37.6027979
6624.2712586	38.6304200
6625.7954236	42.0362588
6627.3195885	34.3448502
6628.8480835	33.6136453
6630.3729701	34.1020216
6631.9014650	38.0585952
6633.4270733	36.6986934
6634.9570116	35.9472502
6636.4833416	30.5505741
6638.0103932	32.4671715
6639.5410532	34.0716355
6641.0681048	29.3174299
6642.5994864	26.5088786
6644.1279814	25.7325839
6645.6600847	29.6334429
6647.1885796	30.8283683
6648.7177962	27.5813823
6650.2513429	30.8694180
6651.7812812	17.9693644
6653.3148278	14.6317946
6654.8454878	21.0883532
6656.3797561	25.9255048
6657.9111377	21.4124551
6659.4432410	21.6647204
6660.9782310	19.1947249
6662.5110560	19.4703095
6664.0474893	22.8026171
6665.5803143	23.0314848
6667.1174692	20.3913522
6668.6510159	18.2679621
6670.1852842	26.6381795
6671.7231608	20.4714146
6673.2581508	22.3881059
6674.7967491	19.1641808
6676.3324608	19.7063995
6677.8725024	13.4512081
6679.4082141	19.9822569
6680.9446474	18.6151956
6682.4854107	17.4661724
6684.0225657	14.2694859
6685.5640507	21.6232214
6687.1019274	14.5481765
6688.6441340	15.6412629
6690.1827324	14.0354406
6691.7220524	13.4910693
6693.2649807	14.8607070
6694.8050224	17.1593357
6696.3486724	14.3415386
6697.8894357	16.5201704
6699.4338074	16.3504048
6700.9745707	14.4214707
6702.5203857	15.1067457
6704.0618707	16.9902088
6705.6040774	11.1994720
6707.1506141	12.3433789
6708.6935424	13.7689058
6710.2408007	14.4610264
6711.7844507	19.4444456
6713.3317091	14.7383581
6714.8760808	7.7434860
6716.4211741	13.3872220
6717.9698758	14.6230642
6719.5156908	13.5438462
6721.0651142	14.4572219
6722.6109292	10.8998835
6724.1610742	10.6898615
6725.7083326	12.8983157
6727.2555909	11.3383854
6728.8064576	6.4750889
6730.3544376	10.7703154
6731.9067477	10.6348806
6733.4554494	7.1742125
6735.0077594	8.8889694
6736.5571827	10.2028821
6738.1073278	10.4091964
6739.6610811	6.6354218
6741.2112262	8.4620419
6742.7657012	8.9547076
6744.3172896	9.3654695
6745.8724863	6.5958381
6747.4240746	3.8814653
6748.9763847	8.9729058
6750.5330247	3.0342638
6752.0853348	5.7284309
6753.6426965	3.3325529
6755.1964499	6.2100734
6756.7538116	5.6051143
6758.3082866	3.9778222
6759.8634833	6.1595729
6761.4222884	4.0164325
6762.9774851	7.3158541
6764.5370118	7.4253228
6766.0929302	5.5571749
6767.6531786	4.4687008
6769.2105403	3.6020973
6770.7679020	5.2230946
6772.3288721	6.0327965
6773.8869555	1.6522660
6775.4486472	4.7659052
6777.0074522	2.7638007
6778.5705873	4.5056395
6780.1293924	2.8288140
6781.6896408	2.7180843
6783.2534975	2.2885905
6784.8137459	6.4672160
6786.3783243	6.8043552
6787.9392944	2.2447724
6789.5045944	6.7058581
6791.0670078	4.4228168
6792.6286996	2.0880091
6794.1954430	7.7580435
6795.7585780	2.8368492
6797.3253215	3.1549081
6798.8891782	3.4278166
6800.4573649	4.1717396
6802.0212217	4.4753630
6803.5865218	-0.4192549
6805.1554302	2.1560140
6806.7207303	3.2406874
6808.2903603	1.9665152
6809.8563821	2.1985351